STAAD SPACE
INPUT FILE: 2Frame3Dplate.STD
START JOB INFORMATION
ENGINEER DATE 25-SEP-06
END JOB INFORMATION
INPUT WIDTH 79
UNIT METER KN
JOINT COORDINATES
1 0 6.7 0; 2 7 6.7 0; 3 11.5 6.7 0; 4 20.45 6.7 0
5 31.2 6.7 0; 11 0 6.7 4.6; 12 7 6.7 4.6
13 11.5 6.7 4.6; 14 20.45 6.7 4.6; 15 31.2 6.7 4.6
21 0 6.7 9.2; 22 7 6.7 9.2
23 11.5 6.7 9.2; 24 20.45 6.7 9.2; 25 31.2 6.7 9.2
26 37.6 6.7 9.2
31 0 6.7 14; 32 7 6.7 14; 33 11.5 6.7 14; 34 20.45 6.7 14
35 31.2 6.7 14; 36 37.6 6.7 14
41 0 6.7 18.8; 42 7 6.7 18.8; 43 11.5 6.7 18.8
44 20.45 6.7 18.8; 45 31.2 6.7 18.8
46 37.6 6.7 18.8; 51 0 6.7 24.3; 53 7 6.7 24.3; 54 11.5 6.7 24.3
55 20.45 6.7 24.3; 56 31.2 6.7 24.3; 57 37.6 6.7 24.3; 61 11.5 6.7 28.8
62 20.45 6.7 28.8; 63 31.2 6.7 28.8; 64 37.6 6.7 28.8
101 0 -1.6 0; 102 7 -1.6 0
103 11.5 -1.6 0; 104 20.45 -1.6 0; 105 31.2 -1.6 0; 201 0 -1.6 9.2
202 7 -1.6 9.2; 203 11.5 -1.6 9.2; 204 20.45 -1.6 9.2; 205 31.2 -1.6 9.2
206 37.6 -1.6 9.2; 301 0 -1.6 18.8; 302 7 -1.6 18.8; 303 11.5 -1.6 18.8
304 20.45 -1.6 18.8; 305 31.2 -1.6 18.8; 306 37.6 -1.6 18.8
501 11.5 -1.6 28.8; 502 20.45 -1.6 28.8; 503 31.2 -1.6 28.8
504 37.6 -1.6 28.8; 505 2.33333 6.7 0; 506 4.66667 6.7 0
507 8.5 6.7 0; 508 10 6.7 0
509 14.4833 6.7 0; 510 17.4667 6.7 0; 511 24.0333 6.7 0; 512 27.6167 6.7 0
513 2.33333 6.7 4.6; 514 4.66667 6.7 4.6; 515 8.5 6.7 4.6; 516 10 6.7 4.6
517 14.4833 6.7 4.6; 518 17.4667 6.7 4.6; 519 24.0333 6.7 4.6
520 27.6167 6.7 4.6
521 2.33333 6.7 9.2; 522 4.66667 6.7 9.2; 523 8.5 6.7 9.2; 524 10 6.7 9.2
525 14.4833 6.7 9.2; 526 17.4667 6.7 9.2; 527 24.0333 6.7 9.2
528 27.6167 6.7 9.2
529 2.33333 6.7 14; 530 4.66667 6.7 14; 531 8.5 6.7 14; 532 10 6.7 14
533 14.4833 6.7 14; 534 17.4667 6.7 14; 535 24.0333 6.7 14
536 27.6167 6.7 14; 537 33.3333 6.7 9.2; 538 35.4667 6.7 9.2
539 33.3333 6.7 14; 540 35.4667 6.7 14; 541 2.33333 6.7 18.8
542 4.66667 6.7 18.8; 543 8.5 6.7 18.8; 544 10 6.7 18.8
545 14.4833 6.7 18.8; 546 17.4667 6.7 18.8; 547 24.0333 6.7 18.8
548 27.6167 6.7 18.8
549 33.3333 6.7 18.8; 550 35.4667 6.7 18.8; 551 2.33333 6.7 24.3
552 4.66667 6.7 24.3; 553 8.5 6.7 24.3; 554 10 6.7 24.3
555 14.4833 6.7 24.3; 556 17.4667 6.7 24.3
557 24.0333 6.7 24.3; 558 27.6167 6.7 24.3; 559 33.3333 6.7 24.3
560 35.4667 6.7 24.3
561 14.4833 6.7 28.8; 562 17.4667 6.7 28.8; 563 24.0333 6.7 28.8
564 27.6167 6.7 28.8
565 33.3333 6.7 28.8; 566 35.4667 6.7 28.8; 567 0 0 0
568 2.33333 0 0; 569 7 0 0
570 8.5 0 0; 571 11.5 0 0; 572 14.4833 0 0; 573 20.45 0 0; 574 24.0333 0 0
575 0 0 4.6; 576 2.33333 0 4.6; 577 7 0 4.6; 578 8.5 0 4.6; 579 11.5 0 4.6
580 14.4833 0 4.6; 581 20.45 0 4.6; 582 24.0333 0 4.6; 583 0 0 9.2
584 2.33333 0 9.2; 585 7 0 9.2; 586 8.5 0 9.2; 587 11.5 0 9.2
588 14.4833 0 9.2; 589 20.45 0 9.2; 590 24.0333 0 9.2; 591 31.2 0 9.2
592 33.3333 0 9.2; 593 0 0 14; 594 2.33333 0 14; 595 7 0 14; 596 8.5 0 14
597 11.5 0 14; 598 14.4833 0 14; 599 20.45 0 14; 600 24.0333 0 14
601 31.2 0 14; 602 33.3333 0 14; 603 0 0 18.8; 604 2.33333 0 18.8
605 7 0 18.8; 606 8.5 0 18.8; 607 11.5 0 18.8; 608 14.4833 0 18.8
609 20.45 0 18.8; 610 24.0333 0 18.8; 611 31.2 0 18.8; 612 33.3333 0 18.8
613 0 0 24.3; 614 2.33333 0 24.3; 615 7 0 24.3; 616 8.5 0 24.3
617 11.5 0 24.3; 618 14.4833 0 24.3; 619 20.45 0 24.3; 620 24.0333 0 24.3
621 31.2 0 24.3; 622 33.3333 0 24.3; 623 11.5 0 28.8; 624 14.4833 0 28.8
625 20.45 0 28.8; 626 24.0333 0 28.8; 627 31.2 0 28.8; 628 33.3333 0 28.8
630 31.2 0 0; 631 31.2 0 4.6; 632 37.6 0 9.2; 633 37.6 0 14
634 37.6 0 18.8; 635 37.6 0 24.3; 636 37.6 0 28.8; 637 4.66667 0 0; 638 10 0 0
639 17.4667 0 0; 640 27.6167 0 0; 641 4.66667 0 4.6; 642 10 0 4.6
643 17.4667 0 4.6; 644 27.6167 0 4.6; 645 4.66667 0 9.2; 646 10 0 9.2
647 17.4667 0 9.2; 648 27.6167 0 9.2; 649 4.66667 0 14; 650 10 0 14
651 17.4667 0 14; 652 27.6167 0 14; 653 35.4667 0 9.2; 654 35.4667 0 14
655 4.66667 0 18.8; 656 10 0 18.8; 657 17.4667 0 18.8; 658 27.6167 0 18.8
659 35.4667 0 18.8; 660 4.66667 0 24.3; 661 10 0 24.3; 662 17.4667 0 24.3
663 27.6167 0 24.3; 664 35.4667 0 24.3; 665 17.4667 0 28.8; 666 27.6167 0 28.8
667 35.4667 0 28.8; 683 15.975 -1.6 0; 684 15.975 0 0; 685 25.825 -1.6 0
686 25.825 0 0; 687 15.975 -1.6 4.6; 688 15.975 0 4.6; 689 25.825 -1.6 4.6
690 25.825 0 4.6; 691 15.975 -1.6 9.2; 692 15.975 0 9.2; 693 25.825 -1.6 9.2
694 25.825 0 9.2; 695 15.975 -1.6 14; 696 15.975 0 14; 697 25.825 -1.6 14
698 25.825 0 14; 699 15.975 -1.6 18.8; 700 15.975 0 18.8; 701 25.825 -1.6 18.8
702 25.825 0 18.8; 703 15.975 -1.6 24.3; 704 15.975 0 24.3
705 25.825 -1.6 24.3; 706 25.825 0 24.3; 707 15.975 -1.6 28.8
708 15.975 0 28.8; 709 25.825 -1.6 28.8; 710 25.825 0 28.8
1001 0 -1.6 28.8; 1004 7 -1.6 28.8; 1101 0 0 28.8; 1102 2.3333 0 28.8
1103 4.6667 0 28.8; 1104 7 0 28.8; 1105 8.5 0 28.8; 1106 10 0 28.8
1201 0 6.7 28.8; 1202 2.3333 6.7 28.8; 1203 4.6667 6.7 28.8
1204 7 6.7 28.8; 1205 8.5 6.7 28.8; 1206 10 6.7 28.8
MEMBER INCIDENCES
1 1 505; 2 2 507; 3 3 509; 4 4 511; 11 11 513
12 12 515; 13 13 517; 14 14 519
21 21 521; 22 22 523; 23 23 525; 24 24 527; 25 25 537; 31 31 529; 32 32 531
33 33 533; 34 34 535; 35 35 539; 41 41 541; 42 42 543; 43 43 545; 44 44 547
45 45 549; 51 51 551; 52 53 553; 53 54 555; 54 55 557; 55 56 559; 61 61 561
62 62 563; 63 63 565; 101 1 11; 102 11 21; 103 21 31; 104 31 41; 105 41 51
201 2 12; 202 12 22; 203 22 32; 204 32 42; 205 42 53; 301 3 13
302 13 23; 303 23 33; 304 33 43; 305 43 54; 306 54 61; 401 4 14; 402 14 24
403 24 34; 404 34 44; 405 44 55; 406 55 62; 501 5 15; 502 15 25; 503 25 35
504 35 45; 505 45 56; 506 56 63; 601 26 36; 602 36 46; 603 46 57; 604 57 64
1001 101 567; 1002 102 569; 1003 103 571; 1004 104 573; 1005 105 630
2001 201 583; 2002 202 585; 2003 203 587; 2004 204 589; 2005 205 591
2006 206 632; 3001 301 603; 3002 302 605; 3003 303 607; 3004 304 609
3005 305 611; 3006 306 634; 5001 501 623; 5002 502 625; 5003 503 627
5004 504 636; 5005 505 506; 5006 506 2; 5007 507 508; 5008 508 3
5009 509 510; 5010 510 4; 5011 511 512; 5012 512 5
5013 513 514; 5014 514 12; 5015 515 516; 5016 516 13; 5017 517 518
5018 518 14; 5019 519 520; 5020 520 15; 5021 521 522; 5022 522 22
5023 523 524; 5024 524 23; 5025 525 526; 5026 526 24; 5027 527 528
5028 528 25; 5029 529 530; 5030 530 32; 5031 531 532; 5032 532 33
5033 533 534; 5034 534 34; 5035 535 536; 5036 536 35; 5037 537 538
5038 538 26; 5039 539 540; 5040 540 36; 5041 541 542; 5042 542 42
5043 543 544; 5044 544 43; 5045 545 546; 5046 546 44; 5047 547 548
5048 548 45; 5049 549 550; 5050 550 46; 5051 551 552; 5052 552 53
5053 553 554; 5054 554 54; 5055 555 556; 5056 556 55; 5057 557 558
5058 558 56; 5059 559 560; 5060 560 57; 5061 561 562; 5062 562 62
5063 563 564; 5064 564 63; 5065 565 566; 5066 566 64
5093 567 1; 5094 567 568
5095 569 2; 5096 569 570; 5097 571 3; 5098 571 572
5099 573 4; 5100 573 574
5101 575 576; 5102 577 578; 5103 579 580; 5104 581 582; 5105 583 21
5106 583 584; 5107 585 22; 5108 585 586; 5109 587 23; 5110 587 588
5111 589 24; 5112 589 590; 5113 591 25; 5114 591 592; 5115 593 594
5116 595 596; 5117 597 598; 5118 599 600; 5119 601 602; 5120 603 41
5121 603 604; 5122 605 42; 5123 605 606; 5124 607 43; 5125 607 608
5126 609 44; 5127 609 610; 5128 611 45; 5129 611 612
5131 613 614; 5133 615 616; 5134 617 618; 5135 619 620
5136 621 622; 5137 623 61; 5138 623 624; 5139 625 62; 5140 625 626
5141 627 63; 5142 627 628; 5143 567 575; 5144 575 583; 5145 583 593
5146 593 603; 5147 603 613; 5148 569 577; 5149 577 585; 5150 585 595
5151 595 605; 5152 605 615; 5154 571 579; 5155 579 587
5156 587 597; 5157 597 607; 5158 607 617; 5159 617 623; 5160 573 581
5161 581 589; 5162 589 599; 5163 599 609; 5164 609 619; 5165 619 625
5166 630 5; 5167 630 631; 5168 631 591; 5169 591 601; 5170 601 611
5171 611 621; 5172 621 627; 5173 632 26; 5174 632 633; 5175 634 46
5176 633 634; 5177 634 635; 5178 636 64; 5179 635 636; 5180 568 637
5181 637 569; 5182 570 638; 5183 638 571; 5184 572 684; 5185 639 573
5186 574 686; 5187 640 630; 5188 576 641; 5189 641 577; 5190 578 642
5191 642 579; 5192 580 688; 5193 643 581; 5194 582 690; 5195 644 631
5196 584 645; 5197 645 585; 5198 586 646; 5199 646 587; 5200 588 692
5201 647 589; 5202 590 694; 5203 648 591; 5204 594 649; 5205 649 595
5206 596 650; 5207 650 597; 5208 598 696; 5209 651 599; 5210 600 698
5211 652 601; 5212 592 653; 5213 653 632; 5214 602 654; 5215 654 633
5216 604 655; 5217 655 605; 5218 606 656; 5219 656 607; 5220 608 700
5221 657 609; 5222 610 702; 5223 658 611; 5224 612 659; 5225 659 634
5226 614 660; 5227 660 615; 5228 616 661; 5229 661 617; 5230 618 704
5231 662 619; 5232 620 706; 5233 663 621; 5234 622 664; 5235 664 635
5236 624 708; 5237 665 625; 5238 626 710; 5239 666 627; 5240 628 667
5241 667 636; 5283 684 639; 5284 683 684; 5285 686 640; 5286 685 686
5287 688 643; 5288 687 688; 5289 690 644; 5290 689 690; 5291 692 647
5292 691 692; 5293 694 648; 5294 693 694; 5295 696 651; 5296 695 696
5297 698 652; 5298 697 698; 5299 700 657; 5300 699 700; 5301 702 658
5302 701 702; 5303 704 662; 5304 703 704; 5305 706 663; 5306 705 706
5307 708 665; 5308 707 708; 5309 710 666; 5310 709 710
6001 1001 1101; 6004 1004 1104; 6101 1101 1201; 6104 1104 1204
7101 1101 613; 7104 1104 615; 7201 1201 51; 7204 1204 53
8001 1101 1102; 8002 1102 1103; 8003 1103 1104
8004 1104 1105; 8005 1105 1106; 8006 1106 623
9001 1201 1202; 9002 1202 1203; 9003 1203 1204
9004 1204 1205; 9005 1205 1206; 9006 1206 61
ELEMENT INCIDENCES SHELL
5067 1 2 12 11; 5068 2 3 13 12; 5069 3 4 14 13; 5070 4 5 15 14
5071 11 12 22 21; 5072 12 13 23 22; 5073 13 14 24 23; 5074 14 15 25 24
5075 21 22 32 31; 5076 22 23 33 32; 5077 23 24 34 33; 5078 24 25 35 34
5079 25 26 36 35; 5080 31 32 42 41; 5081 32 33 43 42; 5082 33 34 44 43
5083 34 35 45 44; 5084 35 36 46 45; 5085 41 42 53 51; 5086 42 43 54 53
5087 43 44 55 54; 5088 44 45 56 55; 5091 55 56 63 62; 5092 56 57 64 63
9501 51 53 1204 1201; 9502 53 54 61 1204
5242 567 569 577 575; 5243 569 571 579 577
5244 571 573 581 579; 5245 573 630 631 581; 5246 575 577 585 583
5247 577 579 587 585; 5248 579 581 589 587; 5249 581 631 591 589
5250 583 585 595 593; 5251 585 587 597 595; 5252 587 589 599 597
5253 589 591 601 599; 5254 591 632 633 601; 5255 593 595 605 603
5256 595 597 607 605; 5257 597 599 609 607; 5258 599 601 611 609
5259 601 633 634 611; 5260 603 605 615 613; 5261 605 607 617 615
5262 607 609 619 617; 5263 609 611 621 619; 5264 611 634 635 621
5265 617 619 625 623; 5266 619 621 627 625; 5267 621 635 636 627
9601 613 615 1104 1101; 9602 615 617 623 1104
MEMBER PROPERTY AMERICAN
1 TO 4 11 TO 14 21 TO 25 31 TO 35 41 TO 45 51 TO 55 61 TO 63 5005 TO 5066
5094 5096 5098 5100 TO 5104 5106 5108 5110 5112 5114 TO 5119 5121 5123 5125
5127 5129 5131 5133 TO 5136 5138 5140 5142 5180 TO 5241 5283 5285 5287 5289
5291 5293 5295 5297 5299 5301 5303 5305 5307 5309
8001 TO 8006 9001 TO 9006 PRIS YD 0.7 ZD 0.3
1001 TO 1004 2001 TO 2006 3001 TO 3003 3005 3006 5001 TO 5004
5093 5095 5097 5099 5105 5107 5109 5111 5113 5120 5122 5124 5126 5128
5137 5139 5141 5166 5173 5175 5178 5284 5286 5288 5290 5292 5294 5296
5298 5300 5302 5304 5306 5308 5310 6001 6004 6101 6104 PRIS YD 0.5 ZD 0.5
MEMBER PROPERTY AMERICAN
101 TO 105 201 TO 205 301 TO 306 401 TO 406 501 TO 506 601 TO 603 604
7201 7204 PRIS YD 0.4 ZD 0.7
1005 3004 5143 TO 5152 5154 TO 5165 5167 TO 5172 5174 5176 5177 5179
7101 7104 PRIS YD 0.9 ZD 0.4
ELEMENT PROPERTY
5067 TO 5092 9501 9502 THICKNESS 0.15
5242 TO 5267 9601 9602 THICKNESS 0.225
SUPPORTS
101 TO 105 201 TO 206 301 TO 306 501 TO 504 683 685 687 689 691
693 695 697 699 701 703 705 707 709 1001 1004 PINNED
CONSTANTS
E CONCRETE ALL
POISSON CONCRETE ALL
DENSITY CONCRETE ALL
MEMBER RELEASE
11 5101 START MX MY MZ
31 5115 START MX MY MZ
51 5131 START MX MY MZ
5020 5195 END MX MY MZ
5040 5215 END MX MY MZ
5060 5235 END MX MY MZ
LOAD 1 SELFWEIGHT
SELFWEIGHT Y -1
LOAD 2 DEAD LOAD
*ASSUME ROOF M&E SERVICES LOAD = 1 KPA
*ASSUME ROOF INSULATION AND ROOF SHEETING AND MEMBERS LOAD = 0.5 KPA
*ASSUME GROUND FLOOR FINISHES THICKNESS = 1.00MM
ELEMENT LOAD
5067 TO 5092 9501 9502 PR GY -1.5
5242 TO 5267 9601 9602 PR GY -2.4
MEMBER LOAD
*230 BRICK WALL PARTITION
*HEIGHT 6.7M
*EQUIVALENT LINE LOAD 5.2*6.7 = 34.84
2001 5094 5096 5098 5100 5102 5103 5114 5127 5129 5138 5140
5142 TO 5152 5155 TO 5159 5161 TO 5163 5167 5168 5174 5176 5177 5179
5180 TO 5187 5190 TO 5193 5212 5213 5222 TO 5225 5236 5237 TO 5241
5283 TO 5287 5301 5307 TO 5309 7101 7104 8001 TO 8006 UNI GY -34.84
5115 5204 5205 UNI GY -17.42
5121 5216 5217 UNI GY -52.26
5164 5165 UNI GY -69.68
LOAD 3 LIVE LOAD
ELEMENT LOAD
5067 TO 5092 9501 9502 PR GY -0.6
5242 5246 5250 5255 5260 9601 PR GY -10
5243 TO 5245 5247 5249 5251 5253 5254 5256 5258 5259 5261 5263 5264
5266 5267 9602 PR GY -7.5
5248 5252 5257 5262 5265 PR GY -16
LOAD 21 EQ 1
MEMBER LOAD
5093 UNI GX 8.6
5095 UNI GX 12.2
5097 UNI GX 14.5
5099 UNI GX 20.0
5166 UNI GX 14.1
5105 UNI GX 12.1
5107 UNI GX 19.8
5109 UNI GX 22.7
5111 UNI GX 32.2
5113 UNI GX 23.9
5173 UNI GX 9.5
5120 UNI GX 13.4
5122 UNI GX 20.4
5124 UNI GX 23.2
5126 UNI GX 32.2
5128 UNI GX 28.6
5175 UNI GX 13.4
6101 UNI GX 8.6
6104 UNI GX 12.7
5137 UNI GX 14.5
5139 UNI GX 20.3
5141 UNI GX 17.9
5178 UNI GX 8.7
LOAD 22 EQ 2
MEMBER LOAD
5093 UNI GZ 8.6
5095 UNI GZ 12.2
5097 UNI GZ 14.5
5099 UNI GZ 20.0
5166 UNI GZ 14.1
5105 UNI GZ 12.1
5107 UNI GZ 19.8
5109 UNI GZ 22.7
5111 UNI GZ 32.2
5113 UNI GZ 23.9
5173 UNI GZ 9.5
5120 UNI GZ 13.4
5122 UNI GZ 20.4
5124 UNI GZ 23.2
5126 UNI GZ 32.2
5128 UNI GZ 28.6
5175 UNI GZ 13.4
6101 UNI GZ 8.6
6104 UNI GZ 12.7
5137 UNI GZ 14.5
5139 UNI GZ 20.3
5141 UNI GZ 17.9
5178 UNI GZ 8.7
LOAD COMB 1002 1.4DL 1.6LL
1 1.4 2 1.4 3 1.6
LOAD COMB 1021 1.2DL + 0.5LL + 1.0EQ1 + 0.5EQ2
1 1.2 2 1.2 3 0.5 21 1.0 22 0.5
LOAD COMB 1221 0.9DL + 1.0EQ1 + 0.5EQ2
1 0.9 2 0.9 21 1.0 22 0.5
LOAD COMB 1022 1.2DL + 0.5LL + 0.5EQ1 + 1.0EQ2
1 1.2 2 1.2 3 0.5 21 0.5 22 1.0
LOAD COMB 1222 0.9DL + 0.5EQ1 + 1.0EQ2
1 0.9 2 0.9 21 0.5 22 1.0
LOAD COMB 2001 1.0DL + 1.0LL
1 1.0 2 1.0 3 1.0
LOAD COMB 2002 1.0DL + 0.5LL
1 1.0 2 1.0 3 0.5
PERFORM ANALYSIS
SECTION 0.25 0.5 0.75
LOAD LIST ALL
PRINT SUPPORT REACTION
FINISH