INPUT FILE: TYPE P5.STD
STAAD SPACE
START JOB INFORMATION
JOB NAME PROJECT DM-001 DUBAI METRO PROJECT
JOB CLIENT GOVERNMENT OF DUBAI ROADS & TRANSPORT AUTHORITY
JOB PART PARKING CANOPY TYPE 5 LOCATION PLAN & AXONOMETRY VIEW
ENGINEER DATE 26-JUN-10
END JOB INFORMATION
INPUT WIDTH 79
UNIT METER KN
JOINT COORDINATES
1 5 2.79135 0.316069; 2 5 2.90094 0.633024; 3 5 3.00374 0.951314
4 5 3.09968 1.27054; 5 5 3.18872 1.59183; 6 5 3.27083 1.91415
7 5 3.34596 2.23763; 8 5 3.41407 2.56279; 9 5 3.47515 2.88875
10 5 3.52915 3.21572; 11 5 3.57606 3.54387; 12 5 3.61585 3.87259
13 5 3.6485 4.20205; 14 5 3.674 4.53223; 15 5 3.69234 4.86278
16 10 2.79135 0.31617; 17 10 2.90094 0.633211; 18 10 3.00374 0.951575
19 10 3.09968 1.27087; 20 10 3.18872 1.5922; 21 10 3.27083 1.91457
22 10 3.34596 2.23807; 23 10 3.41407 2.56324; 24 10 3.47515 2.88918
25 10 3.52915 3.21614; 26 10 3.57606 3.54424; 27 10 3.61585 3.87291
28 10 3.6485 4.20231; 29 10 3.674 4.53241; 30 10 3.69234 4.86287
31 15 2.79135 0.316174; 32 15 2.90094 0.633218; 33 15 3.00374 0.951586
34 15 3.09968 1.27088; 35 15 3.18872 1.59222; 36 15 3.27083 1.91458
37 15 3.34596 2.23809; 38 15 3.41407 2.56325; 39 15 3.47515 2.8892
40 15 3.52915 3.21616; 41 15 3.57606 3.54426; 42 15 3.61585 3.87293
43 15 3.6485 4.20232; 44 15 3.674 4.53242; 45 15 3.69234 4.86288
46 20 2.79135 0.316174; 47 20 2.90094 0.633218; 48 20 3.00374 0.951586
49 20 3.09968 1.27088; 50 20 3.18872 1.59222; 51 20 3.27083 1.91458
52 20 3.34596 2.23809; 53 20 3.41407 2.56325; 54 20 3.47515 2.8892
55 20 3.52915 3.21616; 56 20 3.57606 3.54426; 57 20 3.61585 3.87293
58 20 3.6485 4.20232; 59 20 3.674 4.53242; 60 20 3.69234 4.86288
61 25 2.79135 0.316174; 62 25 2.90094 0.633218; 63 25 3.00374 0.951586
64 25 3.09968 1.27088; 65 25 3.18872 1.59222; 66 25 3.27083 1.91458
67 25 3.34596 2.23809; 68 25 3.41407 2.56325; 69 25 3.47515 2.8892
70 25 3.52915 3.21616; 71 25 3.57606 3.54426; 72 25 3.61585 3.87293
73 25 3.6485 4.20232; 74 25 3.674 4.53242; 75 25 3.69234 4.86288
76 30 2.79135 0.31617; 77 30 2.90094 0.633211; 78 30 3.00374 0.951575
79 30 3.09968 1.27087; 80 30 3.18872 1.5922; 81 30 3.27083 1.91457
82 30 3.34596 2.23807; 83 30 3.41407 2.56324; 84 30 3.47515 2.88918
85 30 3.52915 3.21614; 86 30 3.57606 3.54424; 87 30 3.61585 3.87291
88 30 3.6485 4.20231; 89 30 3.674 4.53241; 90 30 3.69234 4.86287
91 35 2.79135 0.316069; 92 35 2.90094 0.633024; 93 35 3.00374 0.951314
94 35 3.09968 1.27054; 95 35 3.18872 1.59183; 96 35 3.27083 1.91415
97 35 3.34596 2.23763; 98 35 3.41407 2.56279; 99 35 3.47515 2.88875
100 35 3.52915 3.21572; 101 35 3.57606 3.54387; 102 35 3.61585 3.87259
103 35 3.6485 4.20205; 104 35 3.674 4.53223; 105 35 3.69234 4.86278
106 0 2.675 0; 107 5 2.675 0; 108 10 2.675 0; 109 15 2.675 0; 110 20 2.675 0
111 20 3.7035 5.1938; 112 15 3.7035 5.1938; 113 10 3.7035 5.1938
114 5 3.7035 5.1938; 115 0 3.7035 5.1938; 116 25 2.675 0; 117 30 2.675 0
118 35 2.675 0; 119 40 2.675 0; 120 40 3.7035 5.1938; 121 35 3.7035 5.1938
122 30 3.7035 5.1938; 123 25 3.7035 5.1938; 124 0 3.70167 4.86062
125 0 3.6914 4.5276; 126 0 3.6727 4.19494; 127 0 3.64558 3.86286
128 0 3.61005 3.53158; 129 0 3.56614 3.2013; 130 0 3.51389 2.87224
131 0 3.45331 2.54461; 132 0 3.38445 2.21862; 133 0 3.30736 1.89448
134 0 3.22208 1.57239; 135 0 3.12867 1.25257; 136 0 3.02719 0.935218
137 0 2.91771 0.620537; 138 0 2.80028 0.308732; 139 40 2.80028 0.308732
140 40 2.91771 0.620537; 141 40 3.02719 0.935218; 142 40 3.12867 1.25257
143 40 3.22208 1.57239; 144 40 3.30736 1.89448; 145 40 3.38445 2.21862
146 40 3.45331 2.54461; 147 40 3.51389 2.87224; 148 40 3.56614 3.2013
149 40 3.61005 3.53158; 150 40 3.64558 3.86286; 151 40 3.6727 4.19494
152 40 3.6914 4.5276; 153 40 3.70167 4.86062; 155 0 3.28707 1.81406
160 0 2.7045 4.99006; 161 0 2.7045 2.20398; 162 0 0.2005 4.4799
163 0 0.2005 3.87991; 164 0 7.00951E-005 4.43906; 165 0 7.00951E-005 4.01406
166 5 2.7045 4.99005; 167 5 3.25144 1.83369; 168 5 2.7045 2.20045
169 5 0.200509 4.47985; 170 5 0.200334 3.87966; 171 5 2.38419E-007 4.439
172 5 2.38419E-007 4.014; 173 10 2.7045 4.99005; 174 10 3.25144 1.83369
175 10 2.7045 2.20045; 176 10 0.200509 4.47985; 177 10 0.200334 3.87966
178 10 2.38419E-007 4.439; 179 10 2.38419E-007 4.014; 180 15 2.7045 4.99005
181 15 3.25144 1.83369; 182 15 2.7045 2.20045; 183 15 0.200509 4.47985
184 15 0.200334 3.87966; 185 15 2.38419E-007 4.439; 186 15 2.38419E-007 4.014
187 20 2.7045 4.99005; 188 20 3.25144 1.83369; 189 20 2.7045 2.20045
190 20 0.200509 4.47985; 191 20 0.200334 3.87966; 192 20 2.38419E-007 4.439
193 20 2.38419E-007 4.014; 194 25 2.7045 4.99005; 195 25 3.25144 1.83369
196 25 2.7045 2.20045; 197 25 0.200509 4.47985; 198 25 0.200334 3.87966
199 25 2.38419E-007 4.439; 200 25 2.38419E-007 4.014; 201 30 2.7045 4.99005
202 30 3.25144 1.83369; 203 30 2.7045 2.20045; 204 30 0.200509 4.47985
205 30 0.200334 3.87966; 206 30 2.38419E-007 4.439; 207 30 2.38419E-007 4.014
208 35 2.7045 4.99005; 209 35 3.25144 1.83369; 210 35 2.7045 2.20045
211 35 0.200509 4.47985; 212 35 0.200334 3.87966; 213 35 2.38419E-007 4.439
214 35 2.38419E-007 4.014; 215 40 3.28707 1.81406; 216 40 2.7045 4.99006
217 40 2.7045 2.20398; 218 40 0.2005 4.4799; 219 40 0.2005 3.87991
220 40 7.00951E-005 4.43906; 221 40 7.00951E-005 4.01406
222 10 3.25041 1.83438; 223 15 3.2504 1.83439; 224 20 3.2504 1.83439
225 25 3.2504 1.83439; 226 30 3.25041 1.83438; 227 2.5 2.7045 2.20221
228 37.5 2.7045 2.20221; 229 2.5 2.7045 4.99006; 230 37.5 2.7045 4.99006
MEMBER INCIDENCES
1 106 138; 4 136 135; 5 135 134; 6 134 155; 7 133 132; 11 129 128; 15 125 124
16 124 115; 17 155 133; 18 115 160; 19 155 161; 20 160 162; 21 161 163
22 162 164; 23 163 165; 24 162 163; 25 138 137; 26 137 136; 27 132 131
28 131 130; 29 130 129; 30 128 127; 31 127 126; 32 126 125; 33 114 166
34 167 168; 35 166 169; 36 166 168; 37 168 170; 38 169 171; 39 170 172
40 169 170; 41 107 1; 42 1 2; 43 2 3; 44 3 4; 45 4 5; 46 5 167; 47 167 6
48 6 7; 49 7 8; 50 8 9; 51 9 10; 52 10 11; 53 11 12; 54 12 13; 55 13 14
56 14 15; 57 15 114; 58 108 16; 59 16 17; 60 17 18; 61 18 19; 62 19 20
63 20 222; 64 21 22; 65 22 23; 66 23 24; 67 24 25; 68 25 26; 69 26 27
70 27 28; 71 28 29; 72 29 30; 73 30 113; 74 113 173; 75 174 222; 76 173 176
77 173 175; 78 175 177; 79 176 178; 80 177 179; 81 176 177; 82 109 31
83 31 32; 84 32 33; 85 33 34; 86 34 35; 87 35 223; 88 36 37; 89 37 38
90 38 39; 91 39 40; 92 40 41; 93 41 42; 94 42 43; 95 43 44; 96 44 45
97 45 112; 98 112 180; 99 181 223; 100 180 183; 101 180 182; 102 182 184
103 183 185; 104 184 186; 105 183 184; 106 110 46; 107 46 47; 108 47 48
109 48 49; 110 49 50; 111 50 224; 112 51 52; 113 52 53; 114 53 54; 115 54 55
116 55 56; 117 56 57; 118 57 58; 119 58 59; 120 59 60; 121 60 111; 122 111 187
123 188 224; 124 187 190; 125 187 189; 126 189 191; 127 190 192; 128 191 193
129 190 191; 130 116 61; 131 61 62; 132 62 63; 133 63 64; 134 64 65
135 65 225; 136 66 67; 137 67 68; 138 68 69; 139 69 70; 140 70 71; 141 71 72
142 72 73; 143 73 74; 144 74 75; 145 75 123; 146 123 194; 147 195 225
148 194 197; 149 194 196; 150 196 198; 151 197 199; 152 198 200; 153 197 198
154 117 76; 155 76 77; 156 77 78; 157 78 79; 158 79 80; 159 80 226; 160 81 82
161 82 83; 162 83 84; 163 84 85; 164 85 86; 165 86 87; 166 87 88; 167 88 89
168 89 90; 169 90 122; 170 122 201; 171 202 226; 172 201 204; 173 201 203
174 203 205; 175 204 206; 176 205 207; 177 204 205; 178 118 91; 179 91 92
180 92 93; 181 93 94; 182 94 95; 183 95 209; 184 96 97; 185 97 98; 186 98 99
187 99 100; 188 100 101; 189 101 102; 190 102 103; 191 103 104; 192 104 105
193 105 121; 194 121 208; 195 209 210; 196 208 211; 197 208 210; 198 210 212
199 211 213; 200 212 214; 201 211 212; 202 119 139; 203 141 142; 204 142 143
205 143 215; 206 144 145; 207 148 149; 208 152 153; 209 153 120; 210 215 144
211 120 216; 212 215 217; 213 216 218; 214 217 219; 215 218 220; 216 219 221
217 218 219; 218 139 140; 219 140 141; 220 145 146; 221 146 147; 222 147 148
223 149 150; 224 150 151; 225 151 152; 226 106 107; 227 107 108; 228 108 109
229 109 110; 230 110 116; 231 116 117; 232 117 118; 233 118 119; 234 115 114
235 114 113; 236 113 112; 237 112 111; 238 111 123; 239 123 122; 240 122 121
241 121 120; 244 166 173; 245 173 180; 246 180 187; 247 187 194; 248 194 201
249 201 208; 250 168 175; 251 175 182; 252 182 189; 253 189 196; 254 196 203
256 217 216; 257 161 160; 258 209 96; 259 222 21; 260 222 175; 261 223 36
262 223 182; 263 224 51; 264 224 189; 265 225 66; 266 225 196; 267 226 81
268 226 203; 269 161 227; 270 227 168; 271 155 227; 272 227 167; 273 203 210
274 210 228; 275 228 217; 276 209 228; 277 228 215; 278 160 229; 279 208 230
280 229 166; 281 115 229; 282 229 114; 283 230 216; 284 121 230; 285 230 120
DEFINE MATERIAL START
ISOTROPIC STEEL
E 2.05E+008
POISSON 0.3
DENSITY 76.8195
ALPHA 1.2E-005
DAMP 0.03
END DEFINE MATERIAL
CONSTANTS
MATERIAL STEEL MEMB 1 4 TO 7 11 15 TO 241 244 TO 254 256 TO 285
MEMBER PROPERTY
18 33 74 98 122 146 170 194 211 TAPERED 0.15 0.006 0.1897 0.15 0.01 0.15 0.01
20 35 76 100 124 148 172 196 -
21 3 TAPERED 0.1897 0.006 0.2919 0.15 0.01 0.15 0.01
22 38 79 103 127 151 175 199 215 TAPERED 0.2919 0.006 0.3 0.15 0.01 0.15 0.01
19 34 195 212 260 262 264 266 268 TAPERED 0.15 0.006 0.1778 0.15 0.01 0.15 0.01
21 37 78 102 126 150 174 198 -
214 TAPERED 0.1778 0.006 0.2904 0.15 0.01 0.15 0.01
23 39 80 104 128 152 176 200 216 TAPERED 0.2904 0.006 0.3 0.15 0.01 0.15 0.01
MEMBER PROPERTY BRITISH
24 36 40 77 81 101 105 125 129 149 153 173 177 197 201 217 244 TO 254 256 -
257 269 270 273 TO 275 278 TO 280 -
283 TABLE ST TUBE TH 0.0045 WT 0.15 DT 0.15
1 4 TO 7 11 15 TO 17 25 TO 32 41 TO 73 75 82 TO 97 99 106 TO 121 123 -
130 TO 145 147 154 TO 169 171 178 TO 193 202 TO 210 218 TO 225 258 259 261 -
263 265 267 TABLE ST PIPE OD 0.1683 ID 0.15408
226 TO 241 TABLE ST PIPE OD 0.1143 ID 0.10226
271 272 276 277 281 282 284 285 TABLE ST PIPE OD 0.0603 ID 0.05048
SUPPORTS
164 165 171 172 178 179 185 186 192 193 199 200 206 207 213 214 220 221 PINNED
MEMBER RELEASE
226 TO 241 START MX MY MZ
226 TO 241 END MX MY MZ
244 TO 254 269 273 274 278 279 START MX MY MZ
244 TO 254 270 273 275 283 END MX MY MZ
271 272 276 277 281 282 284 285 START MX MY MZ
271 272 276 277 281 282 284 285 END MX MZ
LOAD 1 PRESTRESS
SELFWEIGHT Y -1
JOINT LOAD
1 FX -1E-006 FY -0.050616 FZ -1.3E-005
2 FX -4E-006 FY -0.06674 FZ -4E-006
3 FX -3E-006 FY -0.053855 FZ -4E-006
4 FX 2E-006 FY -0.117935 FZ 2.7E-005
5 FX -3E-006 FY -0.073163 FZ 1.8E-005
6 FX -2E-006 FY -0.078913 FZ 9E-006
7 FX -1E-006 FY -0.13011 FZ -1.5E-005
8 FX 1E-006 FY -0.075098 FZ -1E-006
9 FX 2E-006 FY -0.090933 FZ 3E-005
10 FX -4E-006 FY -0.117963 FZ 0
11 FX 0 FY -0.070589 FZ 1.4E-005
12 FX 1E-006 FY -0.08508 FZ 4E-006
13 FX 1E-006 FY -0.08962 FZ 1.1E-005
14 FX 1E-006 FY -0.051032 FZ 1E-005
15 FX 4E-006 FY -0.054775 FZ 2.2E-005
16 FX -5E-006 FY -0.050977 FZ 1.2E-005
17 FX -4E-006 FY -0.067179 FZ -2.6E-005
18 FX -2E-006 FY -0.054165 FZ 2E-006
19 FX 0 FY -0.118881 FZ -1.4E-005
20 FX -2E-006 FY -0.073711 FZ 1.4E-005
21 FX -2E-006 FY -0.079521 FZ 6E-006
22 FX -5E-006 FY -0.131285 FZ 1.5E-005
23 FX -4E-006 FY -0.075697 FZ -8E-006
24 FX -5E-006 FY -0.091718 FZ -1E-005
25 FX -2E-006 FY -0.119015 FZ 1.5E-005
26 FX 0 FY -0.071111 FZ 0
27 FX -2E-006 FY -0.08575 FZ -7E-006
28 FX -2E-006 FY -0.090295 FZ 5E-006
29 FX -2E-006 FY -0.051335 FZ 1.5E-005
30 FX -3E-006 FY -0.055134 FZ -3.1E-005
31 FX -3E-006 FY -0.050994 FZ -7E-006
32 FX -4E-006 FY -0.06719 FZ -1E-005
33 FX -2E-006 FY -0.054175 FZ 1E-005
34 FX 3E-006 FY -0.118899 FZ -2.3E-005
35 FX 0 FY -0.073726 FZ 1.7E-005
36 FX 0 FY -0.079542 FZ -9E-006
37 FX 2E-006 FY -0.131299 FZ 8E-006
38 FX -1E-006 FY -0.075705 FZ 1.5E-005
39 FX -1E-006 FY -0.091732 FZ 4E-006
40 FX 1E-006 FY -0.119029 FZ 3.1E-005
41 FX -1E-006 FY -0.071125 FZ 9E-006
42 FX 0 FY -0.085766 FZ -3E-005
43 FX -2E-006 FY -0.090311 FZ -2.5E-005
44 FX 2E-006 FY -0.051348 FZ 2E-005
45 FX 5E-006 FY -0.055146 FZ -7E-006
46 FX 0 FY -0.051049 FZ -2.6E-005
47 FX 0 FY -0.067235 FZ 0
48 FX 0 FY -0.054224 FZ 6E-006
49 FX 0 FY -0.118949 FZ -2E-005
50 FX 0 FY -0.073771 FZ 2.6E-005
51 FX 0 FY -0.079583 FZ 1.7E-005
52 FX 0 FY -0.131346 FZ 1.4E-005
53 FX 0 FY -0.075754 FZ 1.3E-005
54 FX 0 FY -0.091781 FZ -5E-006
55 FX 0 FY -0.119083 FZ -2E-006
56 FX 0 FY -0.071167 FZ 4.4E-005
57 FX 0 FY -0.085812 FZ -1.3E-005
58 FX 0 FY -0.090358 FZ -2.4E-005
59 FX 0 FY -0.051395 FZ 1.8E-005
60 FX 0 FY -0.055193 FZ 2E-006
61 FX 3E-006 FY -0.050994 FZ -7E-006
62 FX 4E-006 FY -0.06719 FZ -1E-005
63 FX 2E-006 FY -0.054175 FZ 1E-005
64 FX -3E-006 FY -0.118899 FZ -2.3E-005
65 FX 0 FY -0.073726 FZ 1.7E-005
66 FX 0 FY -0.079542 FZ -9E-006
67 FX -2E-006 FY -0.131299 FZ 8E-006
68 FX 1E-006 FY -0.075705 FZ 1.5E-005
69 FX 1E-006 FY -0.091732 FZ 4E-006
70 FX -1E-006 FY -0.119029 FZ 3.1E-005
71 FX 1E-006 FY -0.071125 FZ 9E-006
72 FX 0 FY -0.085766 FZ -3E-005
73 FX 2E-006 FY -0.090311 FZ -2.5E-005
74 FX -2E-006 FY -0.051348 FZ 2E-005
75 FX -5E-006 FY -0.055146 FZ -7E-006
76 FX 5E-006 FY -0.050977 FZ 1.2E-005
77 FX 4E-006 FY -0.067179 FZ -2.6E-005
78 FX 2E-006 FY -0.054165 FZ 2E-006
79 FX 0 FY -0.118881 FZ -1.4E-005
80 FX 2E-006 FY -0.073711 FZ 1.4E-005
81 FX 2E-006 FY -0.079521 FZ 6E-006
82 FX 5E-006 FY -0.131285 FZ 1.5E-005
83 FX 4E-006 FY -0.075697 FZ -8E-006
84 FX 5E-006 FY -0.091718 FZ -1E-005
85 FX 2E-006 FY -0.119015 FZ 1.5E-005
86 FX 0 FY -0.071111 FZ 0
87 FX 2E-006 FY -0.08575 FZ -7E-006
88 FX 2E-006 FY -0.090295 FZ 5E-006
89 FX 2E-006 FY -0.051335 FZ 1.5E-005
90 FX 3E-006 FY -0.055134 FZ -3.1E-005
91 FX 1E-006 FY -0.050616 FZ -1.3E-005
92 FX 4E-006 FY -0.06674 FZ -4E-006
93 FX 3E-006 FY -0.053855 FZ -4E-006
94 FX -2E-006 FY -0.117935 FZ 2.7E-005
95 FX 3E-006 FY -0.073163 FZ 1.8E-005
96 FX 2E-006 FY -0.078913 FZ 9E-006
97 FX 1E-006 FY -0.13011 FZ -1.5E-005
98 FX -1E-006 FY -0.075098 FZ -1E-006
99 FX -2E-006 FY -0.090933 FZ 3E-005
100 FX 4E-006 FY -0.117963 FZ 0
101 FX 0 FY -0.070589 FZ 1.4E-005
102 FX -1E-006 FY -0.08508 FZ 4E-006
103 FX -1E-006 FY -0.08962 FZ 1.1E-005
104 FX -1E-006 FY -0.051032 FZ 1E-005
105 FX -4E-006 FY -0.054775 FZ 2.2E-005
106 FX 12.5068 FY 0.754292 FZ 2.49922
107 FX -0.002068 FY 1.80492 FZ 5.96614
108 FX 0.003441 FY 1.79519 FZ 5.97001
109 FX -0.0006 FY 1.79551 FZ 5.97117
110 FX 0 FY 1.79628 FZ 5.9732
111 FX 0 FY -0.579573 FZ -5.97326
112 FX -0.000697 FY -0.579519 FZ -5.9712
113 FX 0.003808 FY -0.579428 FZ -5.9703
114 FX -0.002496 FY -0.570155 FZ -5.97337
115 FX 12.4127 FY -0.244021 FZ -2.49532
116 FX 0.0006 FY 1.79551 FZ 5.97117
117 FX -0.003441 FY 1.79519 FZ 5.97001
118 FX 0.002068 FY 1.80492 FZ 5.96614
119 FX -12.5068 FY 0.754292 FZ 2.49922
120 FX -12.4127 FY -0.244021 FZ -2.49532
121 FX 0.002496 FY -0.570155 FZ -5.97337
122 FX -0.003808 FY -0.579428 FZ -5.9703
123 FX 0.000697 FY -0.579519 FZ -5.9712
124 FX 0.33571 FY -0.020432 FZ -0.010941
125 FX 0.249991 FY -0.018264 FZ 0.000491
126 FX 0.41851 FY -0.039861 FZ 0.010397
127 FX 0.330187 FY -0.040649 FZ -0.014794
128 FX 0.244414 FY -0.028465 FZ 0.014691
129 FX 0.426726 FY -0.056977 FZ 8.4E-005
130 FX 0.31375 FY -0.044471 FZ -0.003984
131 FX 0.234892 FY -0.032067 FZ 0.004313
132 FX 0.452137 FY -0.067859 FZ -0.015434
133 FX 0.276066 FY -0.035501 FZ 0.007115
134 FX 0.224569 FY -0.027602 FZ 0.0093
135 FX 0.49691 FY -0.060592 FZ 0.0007
136 FX 0.210515 FY -0.019619 FZ 0.000347
137 FX 0.295369 FY -0.028103 FZ -0.001484
138 FX 0.407533 FY -0.018161 FZ 0.002732
139 FX -0.407533 FY -0.018161 FZ 0.002732
140 FX -0.295369 FY -0.028103 FZ -0.001484
141 FX -0.210515 FY -0.019619 FZ 0.000347
142 FX -0.49691 FY -0.060592 FZ 0.0007
143 FX -0.224569 FY -0.027602 FZ 0.0093
144 FX -0.276066 FY -0.035501 FZ 0.007115
145 FX -0.452137 FY -0.067859 FZ -0.015434
146 FX -0.234892 FY -0.032067 FZ 0.004313
147 FX -0.31375 FY -0.044471 FZ -0.003984
148 FX -0.426726 FY -0.056977 FZ 8.4E-005
149 FX -0.244414 FY -0.028465 FZ 0.014691
150 FX -0.330187 FY -0.040649 FZ -0.014794
151 FX -0.41851 FY -0.039861 FZ 0.010397
152 FX -0.249991 FY -0.018264 FZ 0.000491
153 FX -0.33571 FY -0.020432 FZ -0.010941
LOAD 2 WIND DOWN
SELFWEIGHT Y -1
JOINT LOAD
1 FX 5E-006 FY -0.291135 FZ -4E-006
2 FX 2E-006 FY -0.752208 FZ -8E-006
3 FX 3E-006 FY -0.563799 FZ 1.2E-005
4 FX -2.7E-005 FY -1.4737 FZ -2.2E-005
5 FX -3E-006 FY -0.80663 FZ -7E-006
6 FX -2E-006 FY -0.880838 FZ -1.2E-005
7 FX -2.7E-005 FY -1.48965 FZ -2E-005
8 FX 4E-006 FY -0.7832 FZ -1E-005
9 FX 6E-006 FY -0.985278 FZ -1.6E-005
10 FX 3.3E-005 FY -1.35122 FZ -5E-006
11 FX -6E-006 FY -0.764054 FZ -5E-006
12 FX -2.6E-005 FY -0.980163 FZ 2E-006
13 FX -5.1E-005 FY -1.06132 FZ -6E-006
14 FX -1.9E-005 FY -0.455715 FZ 3.5E-005
15 FX -3E-005 FY -0.455267 FZ -1.8E-005
16 FX 1.2E-005 FY -0.292781 FZ -4E-006
17 FX 8E-006 FY -0.756888 FZ -9E-006
18 FX 6E-006 FY -0.567492 FZ -1E-006
19 FX 2.6E-005 FY -1.49144 FZ -1.7E-005
20 FX -1.1E-005 FY -0.81854 FZ -1E-005
21 FX -1.5E-005 FY -0.893945 FZ -2E-005
22 FX -2.7E-005 FY -1.5154 FZ -1.8E-005
23 FX -1.2E-005 FY -0.796028 FZ -1.9E-005
24 FX -2.1E-005 FY -1.0018 FZ -1E-005
25 FX -5E-006 FY -1.37276 FZ -9E-006
26 FX -1E-005 FY -0.773914 FZ -2E-006
27 FX -2.3E-005 FY -0.992378 FZ 5E-006
28 FX -2.2E-005 FY -1.06991 FZ 2.8E-005
29 FX -5E-006 FY -0.45773 FZ -3.9E-005
30 FX -1.5E-005 FY -0.456237 FZ 1.1E-005
31 FX 2E-006 FY -0.292834 FZ 1E-006
32 FX -1.5E-005 FY -0.756596 FZ -8E-006
33 FX -9E-006 FY -0.567303 FZ -2E-006
34 FX -2.5E-005 FY -1.49146 FZ -1.6E-005
35 FX 2E-006 FY -0.818646 FZ -1.1E-005
36 FX 2E-006 FY -0.894062 FZ -2.2E-005
37 FX 6E-006 FY -1.51559 FZ -1.7E-005
38 FX 1E-006 FY -0.796107 FZ -2E-005
39 FX -3E-006 FY -1.0019 FZ -1E-005
40 FX -7E-006 FY -1.37288 FZ -3E-006
41 FX 2E-006 FY -0.773956 FZ -6E-006
42 FX 1E-006 FY -0.99242 FZ 0
43 FX -1.3E-005 FY -1.06976 FZ 4E-005
44 FX 1.1E-005 FY -0.457563 FZ -4E-005
45 FX 1.7E-005 FY -0.45596 FZ 5E-006
46 FX 0 FY -0.292893 FZ -4E-006
47 FX -1.6E-005 FY -0.756569 FZ -5E-006
48 FX -1.1E-005 FY -0.567302 FZ -1E-006
49 FX -2.3E-005 FY -1.49151 FZ -1.7E-005
50 FX -1E-006 FY -0.818719 FZ -1.4E-005
51 FX -1E-006 FY -0.894136 FZ -2.3E-005
52 FX 9E-006 FY -1.51568 FZ -1.8E-005
53 FX -1E-006 FY -0.796174 FZ -2.1E-005
54 FX -2E-006 FY -1.00197 FZ -1.2E-005
55 FX -3E-006 FY -1.37295 FZ -1E-006
56 FX -2E-006 FY -0.774016 FZ -8E-006
57 FX -2E-006 FY -0.992485 FZ 0
58 FX 6E-006 FY -1.06977 FZ 0
59 FX 3E-006 FY -0.457537 FZ -5E-006
60 FX 3E-006 FY -0.455887 FZ 1.1E-005
61 FX -7E-006 FY -0.292834 FZ 1E-006
62 FX -1.7E-005 FY -0.756621 FZ -9E-006
63 FX -1.2E-005 FY -0.567318 FZ -1E-006
64 FX -1.9E-005 FY -1.49145 FZ -1.7E-005
65 FX -6E-006 FY -0.818645 FZ -1.1E-005
66 FX -6E-006 FY -0.89406 FZ -2.2E-005
67 FX 1.4E-005 FY -1.51559 FZ -1.7E-005
68 FX 1E-006 FY -0.796111 FZ -1.9E-005
69 FX 4E-006 FY -1.0019 FZ -9E-006
70 FX 5E-006 FY -1.37289 FZ -5E-006
71 FX -3E-006 FY -0.773967 FZ -7E-006
72 FX -2E-006 FY -0.992437 FZ 3E-006
73 FX 2.2E-005 FY -1.06979 FZ 4.1E-005
74 FX 1.1E-005 FY -0.457514 FZ -4.4E-005
75 FX 2.1E-005 FY -0.455853 FZ 7E-006
76 FX -1.1E-005 FY -0.292804 FZ -5E-006
77 FX -1E-005 FY -0.756942 FZ -1.1E-005
78 FX -7E-006 FY -0.567527 FZ -1E-006
79 FX -2.9E-005 FY -1.49141 FZ -1.8E-005
80 FX 8E-006 FY -0.818535 FZ -1E-005
81 FX 1.2E-005 FY -0.893939 FZ -2E-005
82 FX 1E-005 FY -1.51541 FZ -1.7E-005
83 FX 9E-006 FY -0.796034 FZ -1.8E-005
84 FX 1.9E-005 FY -1.00181 FZ -1.1E-005
85 FX 1.5E-005 FY -1.37278 FZ -1E-005
86 FX 5E-006 FY -0.773937 FZ -2E-006
87 FX 1E-005 FY -0.992413 FZ 9E-006
88 FX 1.4E-005 FY -1.06999 FZ 2.7E-005
89 FX 3E-006 FY -0.457618 FZ -4E-005
90 FX 1.4E-005 FY -0.455986 FZ 1.4E-005
91 FX -3E-006 FY -0.2914 FZ -4E-006
92 FX 1E-006 FY -0.752253 FZ -8E-006
93 FX -1E-006 FY -0.563826 FZ 1.2E-005
94 FX 2.7E-005 FY -1.4736 FZ -2.2E-005
95 FX 0 FY -0.806613 FZ -6E-006
96 FX -1E-006 FY -0.880819 FZ -1E-005
97 FX 1.7E-005 FY -1.48964 FZ -1.9E-005
98 FX -4E-006 FY -0.783204 FZ -1E-005
99 FX -5E-006 FY -0.985283 FZ -1.6E-005
100 FX -2.1E-005 FY -1.35124 FZ -6E-006
101 FX 1E-006 FY -0.764089 FZ -6E-006
102 FX 1.3E-005 FY -0.980219 FZ 1E-006
103 FX 4.2E-005 FY -1.0615 FZ -4E-006
104 FX 8E-006 FY -0.455524 FZ 3.6E-005
105 FX 1E-005 FY -0.45482 FZ -1.8E-005
106 FX 14.4865 FY 0.257493 FZ 2.95054
107 FX 0.373447 FY 1.01165 FZ 7.57406
108 FX 0.012943 FY 1.00551 FZ 7.6559
109 FX 0.001294 FY 1.00585 FZ 7.65884
110 FX 0.0002 FY 1.00663 FZ 7.66124
111 FX -0.000141 FY -1.62102 FZ -4.91487
112 FX -3E-005 FY -1.62075 FZ -4.91261
113 FX 0.001092 FY -1.62025 FZ -4.91186
114 FX 0.329694 FY -1.59156 FZ -4.87619
115 FX 12.2089 FY -0.755535 FZ -2.22449
116 FX -0.000776 FY 1.00591 FZ 7.65902
117 FX -0.011591 FY 1.00568 FZ 7.65634
118 FX -0.365252 FY 1.01232 FZ 7.57537
119 FX -14.4783 FY 0.249392 FZ 2.95327
120 FX -12.2104 FY -0.752682 FZ -2.22677
121 FX -0.331694 FY -1.59204 FZ -4.87669
122 FX -0.001663 FY -1.62053 FZ -4.9122
123 FX -0.000711 FY -1.62087 FZ -4.91276
124 FX 1.364 FY -0.238308 FZ 0.01367
125 FX 1.22237 FY -0.238127 FZ 0.023869
126 FX 2.74939 FY -0.541369 FZ 0.06199
127 FX 2.40692 FY -0.51697 FZ 0.031978
128 FX 1.79074 FY -0.394038 FZ 0.051007
129 FX 3.17226 FY -0.686223 FZ 0.060634
130 FX 2.33278 FY -0.525679 FZ 0.043696
131 FX 1.74892 FY -0.400797 FZ 0.04231
132 FX 3.39823 FY -0.752339 FZ 0.052908
133 FX 2.07693 FY -0.463798 FZ 0.056092
134 FX 1.68902 FY -0.381008 FZ 0.051227
135 FX 3.63826 FY -0.762695 FZ 0.087215
136 FX 1.25778 FY -0.259526 FZ 0.04089
137 FX 1.75903 FY -0.351591 FZ 0.052577
138 FX 0.844926 FY -0.123582 FZ 0.02737
139 FX -0.86323 FY -0.134251 FZ 0.030437
140 FX -1.75926 FY -0.352959 FZ 0.052662
141 FX -1.25795 FY -0.260485 FZ 0.040946
142 FX -3.63796 FY -0.763104 FZ 0.086711
143 FX -1.68897 FY -0.381084 FZ 0.050982
144 FX -2.07686 FY -0.463891 FZ 0.055791
145 FX -3.39821 FY -0.752425 FZ 0.052441
146 FX -1.74894 FY -0.400823 FZ 0.042082
147 FX -2.33281 FY -0.525706 FZ 0.043398
148 FX -3.1724 FY -0.686225 FZ 0.060263
149 FX -1.79092 FY -0.394 FZ 0.050809
150 FX -2.40722 FY -0.516896 FZ 0.031719
151 FX -2.75051 FY -0.540232 FZ 0.06164
152 FX -1.22025 FY -0.232211 FZ 0.023352
153 FX -1.3593 FY -0.226867 FZ 0.01277
LOAD 3 WIND UP
SELFWEIGHT Y -1
JOINT LOAD
1 FX 0 FY 0.144761 FZ 0
2 FX 1E-006 FY 0.340384 FZ 0
3 FX 0 FY 0.265035 FZ 0
4 FX -2E-006 FY 0.708732 FZ 0
5 FX 0 FY 0.485277 FZ 0
6 FX 0 FY 0.522295 FZ 0
7 FX 1E-006 FY 0.912333 FZ 0
8 FX 0 FY 0.501701 FZ 0
9 FX 0 FY 0.630351 FZ 0
10 FX 0 FY 0.794505 FZ 0
11 FX 0 FY 0.417989 FZ 0
12 FX 0 FY 0.518045 FZ 0
13 FX 0 FY 0.434517 FZ 0
14 FX 0 FY 0.182361 FZ 0
15 FX 0 FY 0.167753 FZ 0
16 FX 0 FY 0.144083 FZ 0
17 FX 0 FY 0.341281 FZ 0
18 FX 0 FY 0.265659 FZ 0
19 FX 1E-006 FY 0.710206 FZ 0
20 FX -1E-006 FY 0.485189 FZ 0
21 FX -1E-006 FY 0.522178 FZ 0
22 FX 0 FY 0.911168 FZ 0
23 FX 0 FY 0.500923 FZ 0
24 FX 0 FY 0.629309 FZ 0
25 FX 0 FY 0.793621 FZ 0
26 FX 0 FY 0.417787 FZ 0
27 FX 0 FY 0.517969 FZ 0
28 FX 0 FY 0.434789 FZ 0
29 FX 0 FY 0.182087 FZ 0
30 FX 0 FY 0.167227 FZ 0
31 FX 0 FY 0.143998 FZ 0
32 FX 1E-006 FY 0.341803 FZ 0
33 FX 0 FY 0.266035 FZ 0
34 FX 1E-006 FY 0.711504 FZ 0
35 FX -1E-006 FY 0.485744 FZ 0
36 FX 0 FY 0.522783 FZ 0
37 FX -2E-006 FY 0.912114 FZ 0
38 FX 0 FY 0.501358 FZ 0
39 FX 0 FY 0.629868 FZ 0
40 FX 1E-006 FY 0.794454 FZ 0
41 FX 0 FY 0.418198 FZ 0
42 FX 0 FY 0.518521 FZ 0
43 FX 1E-006 FY 0.435204 FZ 0
44 FX 0 FY 0.18209 FZ 0
45 FX 0 FY 0.167121 FZ 0
46 FX 1E-006 FY 0.143989 FZ 0
47 FX 5E-006 FY 0.341975 FZ 0
48 FX 2E-006 FY 0.266158 FZ 0
49 FX -9E-006 FY 0.711925 FZ 1E-006
50 FX -2E-006 FY 0.485925 FZ 1E-006
51 FX -2E-006 FY 0.52298 FZ 1E-006
52 FX -3E-006 FY 0.912433 FZ 0
53 FX -1E-006 FY 0.501504 FZ 0
54 FX -1E-006 FY 0.630056 FZ 0
55 FX 0 FY 0.794733 FZ 0
56 FX 0 FY 0.418331 FZ 0
57 FX 0 FY 0.518696 FZ 0
58 FX 0 FY 0.435319 FZ 0
59 FX 0 FY 0.182085 FZ 0
60 FX -1E-006 FY 0.167082 FZ 0
61 FX -1.3E-005 FY 0.143997 FZ -1E-006
62 FX -1E-006 FY 0.341837 FZ 0
63 FX -4E-006 FY 0.266057 FZ 0
64 FX -3E-006 FY 0.711516 FZ -3E-006
65 FX 1E-006 FY 0.485746 FZ 0
66 FX 0 FY 0.522785 FZ 0
67 FX -4E-006 FY 0.91211 FZ 0
68 FX -5E-006 FY 0.50136 FZ 5E-006
69 FX -8E-006 FY 0.629871 FZ 0
70 FX 3E-006 FY 0.794465 FZ -7E-006
71 FX 1E-006 FY 0.418196 FZ -8E-006
72 FX 1E-006 FY 0.518517 FZ -3E-006
73 FX -1.4E-005 FY 0.43514 FZ 2E-006
74 FX -3E-006 FY 0.182043 FZ 4E-006
75 FX -2E-006 FY 0.167052 FZ 2E-006
76 FX -2E-005 FY 0.144093 FZ 3E-006
77 FX 5E-006 FY 0.341363 FZ -4E-006
78 FX -4E-006 FY 0.265712 FZ -1E-006
79 FX -1.2E-005 FY 0.710219 FZ 6E-006
80 FX -1E-006 FY 0.485173 FZ -6E-006
81 FX -2E-006 FY 0.522162 FZ -2E-006
82 FX 1.5E-005 FY 0.911161 FZ -5E-006
83 FX 8E-006 FY 0.500931 FZ -2.2E-005
84 FX 1.3E-005 FY 0.629328 FZ -2E-006
85 FX -2.1E-005 FY 0.793653 FZ 1.7E-005
86 FX -7E-006 FY 0.417799 FZ 1.3E-005
87 FX -4E-006 FY 0.517981 FZ 8E-006
88 FX 1.7E-005 FY 0.434679 FZ -8E-006
89 FX 8E-006 FY 0.181964 FZ -1E-005
90 FX 8E-006 FY 0.167028 FZ 6E-006
91 FX 1.8E-005 FY 0.144952 FZ -1.9E-005
92 FX 8E-006 FY 0.340584 FZ 6.2E-005
93 FX -1.3E-005 FY 0.265144 FZ -1.1E-005
94 FX 2.1E-005 FY 0.708717 FZ -4.3E-005
95 FX -2.8E-005 FY 0.485254 FZ -6E-006
96 FX -2.9E-005 FY 0.522277 FZ 2.6E-005
97 FX -3.3E-005 FY 0.912309 FZ 1.9E-005
98 FX -2.5E-005 FY 0.501688 FZ -4.6E-005
99 FX -3.7E-005 FY 0.630365 FZ 9E-005
100 FX 6E-006 FY 0.794537 FZ -5.6E-005
101 FX 3.4E-005 FY 0.418022 FZ 1.4E-005
102 FX 5.9E-005 FY 0.518095 FZ 2.2E-005
103 FX -8.5E-005 FY 0.434397 FZ 6E-006
104 FX -3E-006 FY 0.182052 FZ -3.6E-005
105 FX 3.8E-005 FY 0.167201 FZ 4.3E-005
106 FX 40.9316 FY 4.62146 FZ 8.31564
107 FX -0.634674 FY 8.91787 FZ 16.2544
108 FX 0.004749 FY 8.83289 FZ 16.1367
109 FX 0.00144 FY 8.82709 FZ 16.1285
110 FX 8.8E-005 FY 8.82515 FZ 16.1257
111 FX -0.000274 FY 1.92514 FZ -19.6462
112 FX -0.002296 FY 1.92561 FZ -19.6491
113 FX -0.003931 FY 1.92721 FZ -19.6584
114 FX -0.698669 FY 1.95889 FZ -19.8083
115 FX 40.3627 FY 1.0994 FZ -9.01433
116 FX -0.001177 FY 8.82708 FZ 16.1286
117 FX -0.004154 FY 8.83285 FZ 16.1368
118 FX 0.642842 FY 8.91794 FZ 16.2555
119 FX -40.9248 FY 4.64031 FZ 8.316
120 FX -40.3675 FY 1.08957 FZ -9.00561
121 FX 0.694437 FY 1.95963 FZ -19.8088
122 FX 0.002559 FY 1.92753 FZ -19.6586
123 FX 0.00147 FY 1.92574 FZ -19.6491
124 FX 0.714219 FY 0.101411 FZ -0.033867
125 FX 0.641938 FY 0.10699 FZ -0.02236
126 FX 1.43623 FY 0.208382 FZ -0.043794
127 FX 1.47012 FY 0.244994 FZ -0.081913
128 FX 1.1283 FY 0.201394 FZ -0.040923
129 FX 2.11985 FY 0.339923 FZ -0.108523
130 FX 1.64113 FY 0.283021 FZ -0.099592
131 FX 1.22359 FY 0.220557 FZ -0.070467
132 FX 2.3003 FY 0.360518 FZ -0.15511
133 FX 1.32771 FY 0.226575 FZ -0.08028
134 FX 1.08065 FY 0.192001 FZ -0.064464
135 FX 1.97127 FY 0.280045 FZ -0.118384
136 FX 0.613248 FY 0.103225 FZ -0.039085
137 FX 0.851653 FY 0.12888 FZ -0.052748
138 FX 0.439176 FY 0.052885 FZ -0.01378
139 FX -0.45498 FY 0.058181 FZ -0.015927
140 FX -0.852582 FY 0.13047 FZ -0.053726
141 FX -0.613896 FY 0.104339 FZ -0.039777
142 FX -1.97109 FY 0.280362 FZ -0.119403
143 FX -1.08059 FY 0.191912 FZ -0.064917
144 FX -1.32764 FY 0.226465 FZ -0.080836
145 FX -2.30027 FY 0.360267 FZ -0.156031
146 FX -1.22363 FY 0.220432 FZ -0.070958
147 FX -1.64121 FY 0.282856 FZ -0.100252
148 FX -2.12012 FY 0.339656 FZ -0.109395
149 FX -1.12856 FY 0.201061 FZ -0.041383
150 FX -1.47054 FY 0.244439 FZ -0.082511
151 FX -1.43633 FY 0.205521 FZ -0.04423
152 FX -0.637628 FY 0.102341 FZ -0.022352
153 FX -0.705517 FY 0.093204 FZ -0.033677
LOAD COMB 101 1.4PRESTRESS
1 1.4
LOAD COMB 102 1.4WIND DOWN
2 1.4
LOAD COMB 103 1.4 WIND UP
3 1.4
PERFORM ANALYSIS
PARAMETER
CODE BS5950
LY 2.2 MEMB 1 4 TO 6 25 26 41 TO 46 58 TO 63 82 TO 87 106 TO 111 130 TO 135 -
154 TO 159 178 TO 183 202 TO 205 218 219
LZ 2.2 MEMB 1 4 TO 6 25 26 41 TO 46 58 TO 63 82 TO 87 106 TO 111 130 TO 135 -
154 TO 159 178 TO 183 202 TO 205 218 219
UNL 2.2 MEMB 1 4 TO 6 25 26 41 TO 46 58 TO 63 82 TO 87 106 TO 111 130 TO 135 -
154 TO 159 178 TO 183 202 TO 205 218 219
LY 3.5 MEMB 7 11 15 TO 17 27 TO 32 47 TO 57 64 TO 73 88 TO 97 112 TO 121 136 -
137 TO 145 160 TO 169 184 TO 193 206 TO 210 220 TO 225 258 259 261 263 265 -
267
LZ 3.5 MEMB 7 11 15 TO 17 27 TO 32 47 TO 57 64 TO 73 88 TO 97 112 TO 121 136 -
137 TO 145 160 TO 169 184 TO 193 206 TO 210 220 TO 225 258 259 261 263 265 -
267
UNL 3.5 MEMB 4 7 11 15 TO 17 27 TO 32 47 TO 57 64 TO 73 88 TO 97 112 TO 121 -
136 TO 145 160 TO 169 184 TO 193 206 TO 210 220 TO 225 258 259 261 263 265 -
267
CHECK CODE MEMB 1 4 TO 7 11 15 TO 241 244 TO 254 256 TO 285
STEEL DESIGN
```