STAAD SPACE
INPUT FILE: SKYLIGHT-FRAME_STEEL-FINAL2.STD
START JOB INFORMATION
ENGINEER DATE 09-OCT-08
JOB NAME SKYLIGHT FRAME
JOB CLIENT DMP. (RASHIDIYA)
JOB NO 001
JOB REV A2
JOB REF DM001-D-MDP-CAR-SD-DCC-1230101REV2
JOB COMMENT PRELIMINARY ANALYSIS
ENGINEER NAME AA
END JOB INFORMATION
INPUT WIDTH 79
UNIT MMS NEWTON
JOINT COORDINATES
1 0 -1314.91 25090.1; 2 0 -101.147 1930; 3 0 -202.294 3860; 4 0 -303.441 5790
5 0 -404.588 7720.01; 6 0 -505.735 9650.01 7 0 -606.883 11580
8 0 -708.032 13510.1; 9 0 -809.177 15440; 10 0 -910.326 17370.1
11 0 -1011.47 19300; 12 0 -1112.62 21230.1; 13 0 -1213.77 23160; 14 2115 0 0
15 2115 -1314.91 25090.1; 16 2115 -101.147 1930; 17 2115 -202.294 3860
18 2115 -303.441 5790; 19 2115 -404.588 7720.01; 20 2115 -505.735 9650.01
21 2115 -606.883 11580; 22 2115 -708.032 13510.1; 23 2115 -809.177 15440
24 2115 -910.326 17370.1; 25 2115 -1011.47 19300; 26 2115 -1112.62 21230.1
27 2115 -1213.77 23160; 28 2115 -1359.77 25946; 29 4110 0 0
30 4110 -1314.91 25090.1; 31 4110 -101.147 1930; 32 4110 -202.294 3860
33 4110 -303.441 5790; 34 4110 -404.588 7720.01; 35 4110 -505.735 9650.01
36 4110 -606.883 11580; 37 4110 -708.032 13510.1; 38 4110 -809.177 15440
39 4110 -910.326 17370.1; 40 4110 -1011.47 19300; 41 4110 -1112.62 21230.1
42 4110 -1213.77 23160; 43 4110 -1359.77 25946; 44 6105 0 0
45 6105 -1314.91 25090.1; 46 6105 -101.147 1930; 47 6105 -202.294 3860
48 6105 -303.441 5790; 49 6105 -404.588 7720.01; 50 6105 -505.735 9650.01
51 6105 -606.883 11580; 52 6105 -708.032 13510.1; 53 6105 -809.177 15440
54 6105 -910.326 17370.1; 55 6105 -1011.47 19300; 56 6105 -1112.62 21230.1
57 6105 -1213.77 23160; 58 6105 -1359.77 25946; 59 8100 -1314.91 25090.1
60 8100 -404.588 7720.01; 61 8100 -505.735 9650.01; 62 8100 -606.883 11580
63 8100 -708.032 13510.1; 64 8100 -809.177 15440; 65 8100 -910.326 17370.1
66 8100 -1011.47 19300; 67 8100 -1112.62 21230.1; 68 8100 -1213.77 23160
69 8100 -1359.77 25946; 70 9950 -1314.91 25090.1; 71 9950 -809.177 15440
72 9950 -910.326 17370.1; 73 9950 -1011.47 19300; 74 9950 -1112.62 21230.1
75 9950 -1213.77 23160; 76 9950 -1359.77 25946; 77 11800 -1314.91 25090.1
78 11800 -1213.77 23160; 79 11800 -1359.77 25946; 80 7010 -101.147 1930
81 7528 -202.294 3860; 82 8047 -303.441 5790; 83 8565 -404.588 7720.01
84 9083 -505.735 9650.01; 85 9602 -606.883 11580; 86 10120 -708.032 13510.1
87 10638 -809.177 15440; 88 11157 -910.326 17370.1; 89 11675 -1011.47 19300
90 11800 -1112.62 21230.1; 91 12193 -1112.62 21230.1; 92 12710 -1213.77 23160
93 13227 -1314.91 25090.1; 94 2115 -2113.82 25048.2; 95 2115 -900.051 1888.13
96 2115 -1001.2 3818.13; 97 2115 -1102.34 5748.14; 98 2115 -1203.49 7678.14
99 2115 -1304.64 9608.14; 100 2115 -1405.79 11538.1; 101 2115 -1506.94 13468.2
102 2115 -1608.08 15398.1; 103 2115 -1709.23 17328.2
104 2115 -1810.37 19258.1; 105 2115 -1911.52 21188.2
106 2115 -2012.67 23118.1; 107 4110 -2113.82 25048.2
108 4110 -900.051 1888.13; 109 4110 -1001.2 3818.13; 110 4110 -1102.34 5748.14
111 4110 -1203.49 7678.14; 112 4110 -1304.64 9608.14
113 4110 -1405.79 11538.1; 114 4110 -1506.94 13468.2
115 4110 -1608.08 15398.1; 116 4110 -1709.23 17328.2
117 4110 -1810.37 19258.1; 118 4110 -1911.52 21188.2
119 4110 -2012.67 23118.1; 120 6105 -2113.82 25048.2
121 6105 -900.051 1888.13; 122 6105 -1001.2 3818.13; 123 6105 -1102.34 5748.14
124 6105 -1203.49 7678.14; 125 6105 -1304.64 9608.14
126 6105 -1405.79 11538.1; 127 6105 -1506.94 13468.2
128 6105 -1608.08 15398.1; 129 6105 -1709.23 17328.2
130 6105 -1810.37 19258.1; 131 6105 -1911.52 21188.2
132 6105 -2012.67 23118.1; 133 8100 -2113.82 25048.2
134 8100 -1203.49 7678.14; 135 8100 -1304.64 9608.14
136 8100 -1405.79 11538.1; 137 8100 -1506.94 13468.2
138 8100 -1608.08 15398.1; 139 8100 -1709.23 17328.2
140 8100 -1810.37 19258.1; 141 8100 -1911.52 21188.2
142 8100 -2012.67 23118.1; 143 9950 -2113.82 25048.2
144 9950 -1608.08 15398.1; 145 9950 -1709.23 17328.2
146 9950 -1810.37 19258.1; 147 9950 -1911.52 21188.2
148 9950 -2012.67 23118.1; 149 11800 -2113.82 25048.2
150 11800 -2012.67 23118.1; 151 11800 -1911.52 21188.2
MEMBER INCIDENCES
1 1 15; 2 2 16; 3 3 17; 4 4 18; 5 5 19; 6 6 20; 7 7 21; 8 8 22; 9 9 23
10 10 24; 11 11 25; 12 12 26; 13 13 27; 14 14 16; 15 16 17; 16 17 18; 17 18 19
18 19 20; 19 20 21; 20 21 22; 21 22 23; 22 23 24; 23 24 25; 24 25 26; 25 26 27
26 27 15; 27 15 28; 28 15 30; 29 16 31; 30 17 32; 31 18 33; 32 19 34; 33 20 35
34 21 36; 35 22 37; 36 23 38; 37 24 39; 38 25 40; 39 26 41; 40 27 42; 41 29 31
42 31 32; 43 32 33; 44 33 34; 45 34 35; 46 35 36; 47 36 37; 48 37 38; 49 38 39
50 39 40; 51 40 41; 52 41 42; 53 42 30; 54 30 43; 55 30 45; 56 31 46; 57 32 47
58 33 48; 59 34 49; 60 35 50; 61 36 51; 62 37 52; 63 38 53; 64 39 54; 65 40 55
66 41 56; 67 42 57; 68 44 46; 69 46 47; 70 47 48; 71 48 49; 72 49 50; 73 50 51
74 51 52; 75 52 53; 76 53 54; 77 54 55; 78 55 56; 79 56 57; 80 57 45; 81 45 58
82 45 59; 83 49 60; 84 50 61; 85 51 62; 86 52 63; 87 53 64; 88 54 65; 89 55 66
90 56 67; 91 57 68; 92 60 61; 93 61 62; 94 62 63; 95 63 64; 96 64 65; 97 65 66
98 66 67; 99 67 68; 100 68 59; 101 59 69; 102 59 70; 103 64 71; 104 65 72
105 66 73; 106 67 74; 107 68 75; 108 71 72; 109 72 73; 110 73 74; 111 74 75
112 75 70; 113 70 76; 114 70 77; 115 75 78; 116 78 77; 117 77 79; 118 46 80
119 47 81; 120 48 82; 121 60 83; 122 61 84; 123 62 85; 124 63 86; 125 71 87
126 72 88; 127 73 89; 128 90 78; 129 74 90; 130 90 91; 131 78 92; 132 77 93
133 15 94; 134 16 95; 135 17 96; 136 18 97; 137 19 98; 138 20 99; 139 21 100
140 22 101; 141 23 102; 142 24 103; 143 25 104; 144 26 105; 145 27 106
146 30 107; 147 31 108; 148 32 109; 149 33 110; 150 34 111; 151 35 112
152 36 113; 153 37 114; 154 38 115; 155 39 116; 156 40 117; 157 41 118
158 42 119; 159 45 120; 160 46 121; 161 47 122; 162 48 123; 163 49 124
164 50 125; 165 51 126; 166 52 127; 167 53 128; 168 54 129; 169 55 130
170 56 131; 171 57 132; 172 59 133; 173 60 134; 174 61 135; 175 62 136
176 63 137; 177 64 138; 178 65 139; 179 66 140; 180 67 141; 181 68 142
182 70 143; 183 71 144; 184 72 145; 185 73 146; 186 74 147; 187 75 148
188 77 149; 189 78 150; 190 90 151; 191 94 107; 192 95 108; 193 97 110
194 99 112; 195 101 114; 196 103 116; 197 105 118; 198 107 120; 199 108 121
200 110 123; 201 112 125; 202 114 127; 203 116 129; 204 118 131; 205 120 133
206 125 135; 207 127 137; 208 129 139; 209 131 141; 210 133 143; 211 139 145
212 141 147; 213 143 149; 214 147 151; 215 2 95; 216 3 96; 217 4 97; 218 5 98
219 6 99; 220 7 100; 221 8 101; 222 9 102; 223 10 103; 224 11 104; 225 12 105
226 13 106; 227 1 94; 228 121 80; 229 122 81; 230 123 82; 231 134 83
232 135 84; 233 136 85; 234 137 86; 235 144 87; 236 145 88; 237 146 89
238 151 91; 239 150 92; 240 149 93; 241 14 95; 242 29 108; 243 44 121
244 149 79; 245 143 76; 246 133 69; 247 120 58; 248 93 43; 249 54 28
250 23 115; 251 115 53; 252 53 138; 253 138 71; 254 24 116; 255 116 54
256 54 139; 257 139 72; 258 25 117; 259 117 55; 260 55 140; 261 140 73
262 26 118; 263 118 56; 264 56 141; 265 141 74; 266 74 151; 267 27 119
268 119 57; 269 57 142; 270 142 75; 271 75 150; 272 15 107; 273 107 45
274 45 133; 275 133 70; 276 70 149; 277 22 114; 278 114 52; 279 52 137
280 21 113; 281 113 51; 282 51 136; 283 20 112; 284 112 50; 285 50 135
286 19 111; 287 111 49; 288 49 134; 289 18 110; 290 110 48; 291 17 109
292 109 47; 293 16 108; 294 108 46; 295 96 32; 296 32 122; 297 98 34
298 34 124; 299 124 60; 300 100 36; 301 36 126; 302 126 62; 303 102 38
304 38 128; 305 128 64; 306 64 144; 307 104 40; 308 40 130; 309 130 66
310 66 146; 311 106 42; 312 42 132; 313 132 68; 314 68 148; 315 148 78
316 16 96; 317 95 17; 318 31 109; 319 108 32; 320 46 122; 321 121 47
322 17 97; 323 96 18; 324 32 110; 325 109 33; 326 47 123; 327 122 48
328 18 98; 329 97 19; 330 33 111; 331 110 34; 332 48 124; 333 123 49
334 19 99; 335 98 20; 336 34 112; 337 111 35; 338 49 125; 339 124 50
340 60 135; 341 134 61; 342 20 100; 343 99 21; 344 35 113; 345 112 36
346 50 126; 347 125 51; 348 61 136; 349 135 62; 350 21 101; 351 100 22
352 36 114; 353 113 37; 354 51 127; 355 126 52; 356 62 137; 357 136 63
358 22 102; 359 101 23; 360 37 115; 361 114 38; 362 52 128; 363 127 53
364 63 138; 365 137 64; 366 23 103; 367 102 24; 368 38 116; 369 115 39
370 53 129; 371 128 54; 372 64 139; 373 138 65; 374 71 145; 375 144 72
376 24 104; 377 103 25; 378 39 117; 379 116 40; 380 54 130; 381 129 55
382 65 140; 383 139 66; 384 72 146; 385 145 73; 386 25 105; 387 104 26
388 40 118; 389 117 41; 390 55 131; 391 130 56; 392 66 141; 393 140 67
394 73 147; 395 146 74; 396 26 106; 397 105 27; 398 41 119; 399 118 42
400 56 132; 401 131 57; 402 67 142; 403 141 68; 404 74 148; 405 147 75
406 90 150; 407 151 78; 408 27 94; 409 106 15; 410 42 107; 411 119 30
412 57 120; 413 132 45; 414 68 133; 415 142 59; 416 75 143; 417 148 70
418 78 149; 419 150 77
START GROUP DEFINITION
MEMBER
73DIA_PIPE 133 134 136 138 140 142 144 146 147 149 151 153 155 157 159 160
162 164 166 168 170 172 174 176 178 180 182 184 186 188 190 254 TO 257 262
263 TO 266 272 TO 279 283 TO 285 289 290 293 294
141.3DIA_PIPE 1 2 4 6 8 10 12 28 29 31 33 35 37 39 55 56 58 60 62 64 66 82
84 86 88 90 102 104 106 114 118 120 122 124 126 129 130 132 191 TO 215 217
219 221 223 225 227 228 230 232 234 236 238 240
48DIA_PIP_STRUT 135 137 139 141 143 145 148 150 152 154 156 158 161 163 165
167 169 171 173 175 177 179 181 183 185 187 189
36DIA_T_ROD 3 5 7 9 11 13 TO 27 30 32 34 36 38 40 TO 54 57 59 61 63 65 67
68 TO 81 83 85 87 89 91 TO 101 103 105 107 TO 113 115 TO 117 119 121 123 125
127 128 131
32DIA_T_ROD 216 218 220 222 224 226 229 231 233 235 237 239 241 TO 253 258
259 TO 261 267 TO 271 280 TO 282 286 TO 288 291 292 295 TO 419
END GROUP DEFINITION
DEFINE MATERIAL START
ISOTROPIC STEEL
E 190000
POISSON 0.3
DENSITY 7.68195E-005
ALPHA 1.2E-005
DAMP 0.03
END DEFINE MATERIAL
MEMBER PROPERTY BRITISH
133 134 136 138 140 142 144 146 147 149 151 153 155 157 159 160 162 164 166
168 170 172 174 176 178 180 182 184 186 188 190 254 TO 257 262 TO 266 272
273 TO 279 283 TO 285 289 290 293 294 TABLE ST PIPE OD 73 ID 62.68
1 2 4 6 8 10 12 28 29 31 33 35 37 39 55 56 58 60 62 64 66 82 84 86 88 90 102
104 106 114 118 120 122 124 126 129 130 132 191 TO 215 217 219 221 223 225
227 228 230 232 234 236 238 240 TABLE ST PIPE OD 141.3 ID 125.3
135 137 139 141 143 145 148 150 152 154 156 158 161 163 165 167 169 171 173
175 177 179 181 183 185 187 189 TABLE ST PIP48.0
3 5 7 9 11 13 TO 27 30 32 34 36 38 40 TO 54 57 59 61 63 65 67 68 TO 81 83 85
87 89 91 TO 101 103 105 107 TO 113 115 TO 117 119 121 123 125 127 128
131 TABLE ST PIPE OD 36 ID 0
216 218 220 222 224 226 229 231 233 235 237 239 241 TO 253 258 TO 261 267
268 TO 271 280 TO 282 286 TO 288 291 292 295 TO 418
419 TABLE ST PIPE OD 32 ID 0
CONSTANTS
MATERIAL STEEL ALL
SUPPORTS
1 TO 14 28 29 43 44 58 69 76 79 TO 89 91 TO 93 FIXED
MEMBER TENSION
3 5 7 9 11 13 14 27 41 54 68 81 101 113 117 119 121 123 125 127 131 216 218
220 222 224 226 229 231 233 235 237 239 241 TO 249 304 305 308 309 380 391
MEMBER TRUSS
250 TO 253 258 TO 261 267 TO 271 280 TO 282 286 TO 288 291 292 295 TO 303
306 307 310 TO 379 381 TO 390 392 TO 419
LOAD 1 LOADTYPE MASS TITLE SELF WEIGHT OF STRUCTURE
SELFWEIGHT Y -1
LOAD 2 LOADTYPE DEAD TITLE DEAD WEIGHT OF GLASS
JOINT LOAD
16 TO 27 FY -3356.25
31 TO 42 50 TO 57 FY -3278.99
46 FY -2371.26
47 FY -2794.01
48 FY -3216.76
49 FY -3354.1
60 FY -2000.01
61 FY -2422.76
62 FY -2847.66
63 FY -3272.55
64 FY -3321.91
71 FY -2055.81
65 TO 68 FY -3158.82
72 FY -2478.56
73 FY -2901.31
74 FY -3075.13
90 FY -1804.73
75 FY -3038.65
78 FY -2229.63
15 FY -2693.15
30 45 FY -2630.92
59 FY -2534.35
70 FY -2437.79
77 FY -2062.25
LOAD 3 LOADTYPE WIND TITLE LOAD & SPIDER DUE TO POS-WIND LOAD
JOINT LOAD
16 TO 27 FY -5943.2
31 TO 42 50 TO 57 FY -5806.4
46 FY -4199
47 FY -4947.6
48 FY -5696.2
49 FY -5939.4
60 FY -3541.6
61 FY -4290.2
62 FY -5042.6
63 FY -5795
64 FY -5882.4
71 FY -3277.91
65 TO 68 FY -5593.6
72 FY -3457.79
73 FY -3795.99
74 FY -4672.51
90 FY -2181.26
75 FY -5330.8
78 FY -3258.64
15 FY -4769
30 45 FY -4658.8
59 FY -4487.8
70 FY -4316.8
77 FY -2033.08
LOAD 4 LOADTYPE WIND TITLE LOAD & SPIDER DUE TO NEG-WIND LOAD
JOINT LOAD
16 TO 27 FY 11417.2
31 TO 42 50 TO 57 FY 11154.4
46 FY 8066.5
47 FY 9504.6
48 FY 10942.7
49 FY 11409.9
60 FY 6803.6
61 FY 8241.7
62 FY 9687.1
63 FY 11132.5
64 FY 11300.4
71 FY 5424.49
65 TO 68 FY 10745.6
72 FY 4401.01
73 FY 4062.81
74 FY 7115.69
90 FY 1748.14
75 FY 10336.8
78 FY 4600.16
15 FY 9161.5
30 45 FY 8949.8
59 FY 8621.3
70 FY 8292.8
77 FY 3471.72
LOAD COMB 5 (SLF + DL + POS_WL) NOMINAL
1 1.0 2 1.0 3 1.0
LOAD COMB 6 (SLF + DL + NEG_WL) NOMINAL
1 1.0 2 1.0 4 1.0
LOAD COMB 7 (SLF + DL + POS_WL) FACTORED
1 1.2 2 1.2 3 1.2
LOAD COMB 8 (SLF + DL + NEG_WL) FACTORED
1 1.2 2 1.2 4 1.2
PERFORM ANALYSIS
PRINT MAX. JOINT DISPLACEMENT