STAAD SPACE
START JOB INFORMATION
ENGINEER NAME STAAD
JOB NAME STEEL ROOF TRUSS 20X40 10 2000
JOB CHECKED
UNIT METER KN
INPUT WIDTH 79
JOINT COORDINATES
1001 0.000 0.000 1.000
1002 -1.120 5.030 1.000
1003 -1.250 6.100 1.000
1004 -0.400 6.920 1.000
1005 0.000 7.000 1.000
1006 0.650 7.200 1.000
1007 3.500 7.250 1.000
1008 7.000 7.310 1.000
1009 11.500 7.390 1.000
1010 14.500 7.420 1.000
1011 17.500 7.450 1.000
1012 18.850 7.460 1.000
1013 20.500 7.435 1.000
1014 24.100 7.390 1.000
1015 27.700 7.345 1.000
1016 31.300 7.300 1.000
1017 34.500 7.250 1.000
1018 37.050 7.200 1.000
1019 37.700 7.050 1.000
1020 38.100 7.180 1.000
1021 38.820 6.350 1.000
1022 38.950 5.260 1.000
1023 38.100 0.000 1.000
2001 0.000 0.000 7.000
2002 -1.120 5.030 7.000
2003 -1.250 6.100 7.000
2004 -0.400 6.920 7.000
2005 0.000 7.000 7.000
2006 0.650 7.200 7.000
2007 3.500 7.250 7.000
2008 7.000 7.310 7.000
2009 11.500 7.390 7.000
2010 14.500 7.420 7.000
2011 17.500 7.450 7.000
2012 18.850 7.460 7.000
2013 20.500 7.435 7.000
2014 24.100 7.390 7.000
2015 27.700 7.345 7.000
2016 31.300 7.300 7.000
2017 34.500 7.250 7.000
2018 37.050 7.200 7.000
2019 37.700 7.050 7.000
2020 38.100 7.180 7.000
2021 38.820 6.350 7.000
2022 38.950 5.260 7.000
2023 38.100 0.000 7.000
3001 0.000 0.000 12.000
3002 -1.120 5.030 12.000
3003 -1.250 6.100 12.000
3004 -0.400 6.920 12.000
3005 0.000 7.000 12.000
3006 0.650 7.200 12.000
3007 3.500 7.250 12.000
3008 7.000 7.310 12.000
3009 11.500 7.390 12.000
3010 14.500 7.420 12.000
3011 17.500 7.450 12.000
3012 18.850 7.460 12.000
3013 20.500 7.435 12.000
3014 24.100 7.390 12.000
3015 27.700 7.345 12.000
3016 31.300 7.300 12.000
3017 34.500 7.250 12.000
3018 37.050 7.200 12.000
3019 37.700 7.050 12.000
3020 38.100 7.180 12.000
3021 38.820 6.350 12.000
3022 38.950 5.260 12.000
3023 38.100 0.000 12.000
4001 0.000 0.000 17.000
4002 -1.120 5.030 17.000
4003 -1.250 6.100 17.000
4004 -0.400 6.920 17.000
4005 0.000 7.000 17.000
4006 0.650 7.200 17.000
4007 3.500 7.250 17.000
4008 7.000 7.310 17.000
4009 11.500 7.390 17.000
4010 14.500 7.420 17.000
4011 17.500 7.450 17.000
4012 18.850 7.460 17.000
4013 20.500 7.435 17.000
4014 24.100 7.390 17.000
4015 27.700 7.345 17.000
4016 31.300 7.300 17.000
4017 34.500 7.250 17.000
4018 37.050 7.200 17.000
4019 37.700 7.050 17.000
4020 38.100 7.180 17.000
4021 38.820 6.350 17.000
4022 38.950 5.260 17.000
4023 38.100 0.000 17.000
5001 0.000 0.000 22.200
5002 -1.120 5.030 22.200
5003 -1.250 6.100 22.200
5004 -0.400 6.920 22.200
5005 0.000 7.000 22.200
5006 0.650 7.200 22.200
5007 3.500 7.250 22.200
5008 7.000 7.310 22.200
5009 11.500 7.390 22.200
5010 14.500 7.420 22.200
5011 17.500 7.450 22.200
5012 18.850 7.460 22.200
5013 20.500 7.435 22.200
5014 24.100 7.390 22.200
5015 27.700 7.345 22.200
5016 31.300 7.300 22.200
5017 34.500 7.250 22.200
5013 20.500 7.735 22.200
5014 24.100 7.690 22.200
5015 27.700 7.645 22.200
5016 31.300 7.600 22.200
5017 34.500 7.550 22.200
5018 37.050 7.500 22.200
5019 37.700 7.300 22.200
5020 38.100 7.180 22.200
5021 38.820 6.350 22.200
5022 38.950 5.260 22.200
5023 38.100 0.000 22.200
6001 -0.400 0.000 31.800
6002 -1.120 5.030 31.800
6003 -1.250 6.100 31.800
6004 -0.400 6.920 31.800
6005 0.000 7.000 31.800
6006 0.650 7.200 31.800
6007 3.500 7.250 31.800
6008 7.000 7.310 31.800
6009 11.500 7.390 31.800
6010 14.500 7.420 31.800
6011 17.500 7.450 31.800
6012 18.850 7.460 31.800
6013 20.500 7.435 31.800
6014 24.100 7.390 31.800
6015 27.700 7.345 31.800
6016 31.300 7.300 31.800
6017 34.500 7.250 31.800
6018 37.050 7.200 31.800
6019 37.700 7.000 31.800
6020 38.100 6.920 31.800
6021 38.820 6.100 31.800
6022 38.950 5.030 31.800
6023 38.100 0.000 31.800
7005 0.000 6.900 34.800
7007 3.500 7.150 34.800
7008 7.000 7.210 34.800
7009 11.500 7.290 34.800
7010 14.500 7.320 34.800
7011 17.500 7.350 34.800
7013 20.500 7.335 34.800
7014 24.100 7.290 34.800
7015 27.700 7.245 34.800
7016 31.300 7.200 34.800
7017 34.500 7.150 34.800
7019 37.700 6.900 34.800

MEMBER INCIDENCES
* Vertical Truss Members (Connecting base/column nodes to truss levels)
205 205 2005
208 208 2008
209 209 2009
213 213 2013
216 216 2016
219 219 2019
305 305 3005
308 308 3008
309 309 3009
313 313 3013
316 316 3016
319 319 3019
505 505 5005
508 508 5008
509 509 5009
513 513 5013
516 516 5016
519 519 5019
605 605 6005
608 608 6008
609 609 6009
613 613 6013
616 616 6016
619 619 6019

* Chords (Generated sequentially)
20001 TO 20021 GEN 2001 2002
30001 TO 30021 GEN 3001 3002
50001 TO 50021 GEN 5001 5002
60001 TO 60021 GEN 6001 6002

* Vertical/Diagonal Transverse Bracing (1100, 3200 series)
1102 2002 3002
1103 3002 5002
1105 5002 6002
3202 2022 3022
3203 3022 5022
3205 5022 6022

* Longitudinal Bracing / Stringers (15xx up to 29xx series)
1501 1005 2005
1502 2005 3005
1503 3005 4005
1504 4005 5005
1505 5005 6005
1506 6005 7005
1701 1007 2007
1702 2007 3007
1703 3007 4007
1704 4007 5007
1705 5007 6007
1706 6007 7007
1801 1008 2008
1802 2008 3008
1803 3008 4008
1804 4008 5008
1805 5008 6008
1806 6008 7008
1901 1009 2009
1902 2009 3009
1903 3009 4009
1904 4009 5009
1905 5009 6009
1906 6009 7009
2001 1010 2010
2002 2010 3010
2003 3010 4010
2004 4010 5010
2005 5010 6010
2006 6010 7010
2101 1011 2011
2102 2011 3011
2103 3011 4011
2104 4011 5011
2105 5011 6011
2106 6011 7011
2301 1013 2013
2302 2013 3013
2303 3013 4013
2304 4013 5013
2305 5013 6013
2306 6013 7013
2401 1014 2014
2402 2014 3014
2403 3014 4014
2404 4014 5014
2405 5014 6014
2406 6014 7014
2501 1015 2015
2502 2015 3015
2503 3015 4015
2504 4015 5015
2505 5015 6015
2506 6015 7015
2601 1016 2016
2602 2016 3016
2603 3016 4016
2604 4016 5016
2605 5016 6016
2606 6016 7016
2701 1017 2017
2702 2017 3017
2703 3017 4017
2704 4017 5017
2705 5017 6017
2706 6017 7017
2901 1019 2019
2902 2019 3019
2903 3019 4019
2904 4019 5019
2905 5019 6019
2906 6019 7019

START USER TABLE
TABLE 1
UNIT METER KN
ISECTION
400x150
0 6 400 150 10 150 10 0.00528 0.00528 1.26E-007
400x250
0 8 400 250 12 250 12 0.009 0.009 3.48E-007
300x300
0 8 300 300 12 300 12 0.0094 0.0094 3.92E-007
END
DEFINE MATERIAL START
ISOTROPIC STEEL
E 2.05E+008
POISSON 0.3
DENSITY 76.8195
ALPHA 1.2E-005
DAMP 0.03
END DEFINE MATERIAL

MEMBER PROPERTY BRITISH
20001 TO 20022 30001 TO 30022 50001 TO 50022 60001 TO 60022 TABLE ST UB406x178x67
1102 1103 1105 3202 3203 3205 TABLE ST UB406x140x39
1501 TO 1506 1701 TO 1706 1801 TO 1806 1901 TO 1906 2001 TO 2006 2101 TO 2106 2301 TO 2306 2401 TO 2406 -
2501 TO 2506 2601 TO 2606 2701 TO 2706 2901 TO 2906 TABLE ST UB406x140x39
205 208 209 213 216 219 305 308 309 313 316 319 505 508 509 513 516 519 605 608 609 613 616 619 TABLE ST UC305x305x198

CONSTANTS
MATERIAL STEEL MEMB 20001 TO 20022 30001 TO 30022 50001 TO 50022 60001 TO 60022 -
1102 1103 1105 3202 3203 3205 -
1501 TO 1506 1701 TO 1706 1801 TO 1806 1901 TO 1906 2001 TO 2006 2101 TO 2106 2301 TO 2306 2401 TO 2406 -
2501 TO 2506 2601 TO 2606 2701 TO 2706 2901 TO 2906 -
205 208 209 213 216 219 305 308 309 313 316 319 505 508 509 513 516 519 605 608 609 613 616 619

SUPPORTS
205 208 209 213 216 219 305 308 309 313 316 319 505 508 509 513 516 519 605 608 609 613 616 619 FIXED
2001 2023 3001 3023 5001 5023 6001 6023 PINNED

LOAD 1 SELFWEIGHT
SELFWEIGHT Y -1
*ASSUME ROOF M&E SERVICES LOAD = 1 KPA
*ASSUME ROOF INSULATION AND ROOF SHEETING AND MEMBERS LOAD = 0.5 KPA

LOAD 2 DEAD LOAD
MEMBER LOAD
1501 TO 1506 UNI GY -2.625
1701 TO 1706 UNI GY -5.250
1801 TO 1806 UNI GY -6.000
1901 TO 1906 UNI GY -5.625
2001 TO 2006 UNI GY -4.500
2101 TO 2106 UNI GY -4.500
2301 TO 2306 UNI GY -4.950
2401 TO 2406 UNI GY -5.400
2501 TO 2506 UNI GY -5.400
2601 TO 2606 UNI GY -5.100
2701 TO 2706 UNI GY -4.800
2901 TO 2906 UNI GY -2.400

LOAD 3 LIVE LOAD
MEMBER LOAD
1501 TO 1506 UNI GY -1.05
1701 TO 1706 UNI GY -2.10
1801 TO 1806 UNI GY -2.40
1901 TO 1906 UNI GY -2.25
2001 TO 2006 UNI GY -1.80
2101 TO 2106 UNI GY -1.80
2301 TO 2306 UNI GY -1.98
2401 TO 2406 UNI GY -2.16
2501 TO 2506 UNI GY -2.16
2601 TO 2606 UNI GY -2.04
2701 TO 2706 UNI GY -1.92
2901 TO 2906 UNI GY -0.96

LOAD COMB 1001 1.4DL + 1.6LL
1 1.4 2 1.4 3 1.6
LOAD COMB 2001 1.0DL + 1.0LL
1 1.0 2 1.0 3 1.0

PERFORM ANALYSIS
SECTION 0.25 0.5 0.75
LOAD LIST ALL
PRINT SUPPORT REACTION
SUPPORT REACTION
END