STAAD SPACE
RAB3 3DStr-R7-1100D.STD
42059 2256 2458; 42060 2456 2258;
42061 2258 2462;
42062 2458 2262; 42063 2262 2464;
42064 2462 2264;
42065 2264 2465; 42066 2464 2265;
43001 3301 3402; 43002 3401 3302;
43003 3302 3404; 43004 3402 3304; 43005 3304 3408; 43006 3404 3308;
43007 3308 3410; 43008 3408 3310; 43009 3310 3412; 43010 3410 3312;
43011 3312 3414; 43012 3412 3314; 43013 3314 3416; 43014 3414 3316;
43015 3316 3418; 43016 3416 3318; 43017 3318 3420; 43018 3418 3320;
43019 3320 3422; 43020 3420 3322; 43021 3322 3424; 43022 3422 3324;
43023 3324 3426; 43024 3424 3326; 43025 3326 3428; 43026 3426 3328;
43027 3328 3430; 43028 3428 3330; 43029 3330 3432; 43030 3430 3332;
43031 3332 3433; 43032 3432 3333; 43033 3333 3434; 43034 3433 3334;
43035 3334 3436; 43036 3434 3336; 43037 3336 3438; 43038 3436 3338;
43039 3338 3440; 43040 3438 3340; 43041 3340 3442; 43042 3440 3342;
43043 3342 3443; 43044 3442 3343; 43045 3343 3444; 43046 3443 3344;
43047 3344 3446; 43048 3444 3346; 43049 3346 3448; 43050 3446 3348;
43051 3348 3450; 43052 3448 3350; 43053 3350 3452; 43054 3450 3352;
43055 3352 3454; 43056 3452 3354; 43057 3354 3456; 43058 3454 3356;
43059 3356 3458; 43060 3456 3358; 43061 3358 3462; 43062 3458 3362;
*43063 3362 3464; 43064 3462 3364; 43065 3364 3465; 43066 3464 3365;
44001 1102 1204; 44002 1202 1104; 44003 1104 1208; 44004 1204 1108;
44005 1110 1212; 44006 1210 1112; 44007 1114 1216; 44008 1214 1116;
44009 1118 1220; 44010 1218 1120; 44011 1122 1223; 44012 1222 1123;
44013 1124 1226; 44014 1224 1126; 44015 1128 1230; 44016 1228 1130;
44017 1132 1233; 44018 1232 1133; 44019 1133 1234; 44020 1233 1134;
44021 1136 1238; 44022 1236 1138; 44023 1138 1240; 44024 1238 1140;
44025 1143 1244; 44026 1243 1144; 44027 1146 1248; 44028 1246 1148;
44029 1150 1252; 44030 1250 1152; 44031 1154 1256; 44032 1254 1156;
44033 1158 1262; 44034 1258 1162; 44035 1162 1264; 44036 1262 1164;
45001 3402 3504; 45002 3502 3404; 45003 3404 3508; 45004 3504 3408;
45005 3410 3512; 45006 3510 3412; 45007 3414 3516; 45008 3514 3416;
45009 3418 3520; 45010 3518 3420; 45011 3422 3523; 45012 3522 3423;
45013 3424 3526; 45014 3524 3426; 45015 3428 3530; 45016 3528 3430;
45017 3432 3533; 45018 3532 3433; 45019 3433 3534; 45020 3533 3434;
45021 3436 3538; 45022 3536 3438; 45023 3438 3540; 45024 3538 3440;
45025 3443 3544; 45026 3543 3444; 45027 3446 3548; 45028 3546 3448;
45029 3450 3552; 45030 3550 3452; 45031 3454 3556; 45032 3554 3456;
45033 3458 3562; 45034 3558 3462; 45035 3462 3564; 45036 3562 3464;
*VERTICAL BRACING
50001 1218 405; 50002 405 12018; 50003 1318 401; 50004 401 13018;
50005 1228 406; 50006 406 12028; 50007 1328 402; 50008 402 13028;
50009 1248 408; 50010 408 12048; 50011 1348 404; 50012 404 13048;
51001 1538 419; 51002 419 15038; 51003 1638 415; 51004 415 16038;
52001 2018 437; 52002 437 20018; 52003 2118 433;
52004 433 21018;
52005 2028 438; 52006 438 20028; 52007 2128 434;
52008 434 21028;
52009 2038 439; 52010 439 20038; 52011 2138 435;
52012 435 21038;
52013 2048 440; 52014 440 20048; 52015 2148 436;
52016 436 21048;
53001 2218 445;
53002 445 22018; 53003 2418 441;
53004 441 24018;
53005 2228 446;
53006 446 22028; 53007 2428 442;
53008 442 24028;
53009 2238 447;
53010 447 22038; 53011 2438 443;
53012 443 24038;
53013 2248 448;
53014 448 22048; 53015 2448 444;
53016 444 24048;
54001 3238 483; 54002 483 32038; 54003 3338 479;
54004 479 33038;
54005 3248 484; 54006 484 32048; 54007 3348 480; 54008 480 33048;
55001 3262 3364; 55002 3362 3264; 55003 3264 3365; 55004 3364 3265;
56001 3318 485; 56002 485 33018; 56003 3418 481; 56004 481 34018;
56005 3328 486; 56006 486 33028; 56007 3428 482; 56008 482 34028;
57001 1358 1462; 57002 1362 1458; 57003 1458 1562; 57004 1462 1558;
57005 1558 1662; 57006 1562 1658; 57007 1658 1762; 57008 1662 1758;
57009 1758 1862; 57010 1762 1858; 57011 1858 1962; 57012 1862 1958;
57013 1958 2062; 57014 1962 2058; 57015 2458 2562; 57016 2462 2558;
57017 2558 2662; 57018 2562 2658;
57019 2658 2762; 57020 2662 2758;
57021 2758 2862; 57022 2762 2858;
57023 2858 2962; 57024 2862 2958;
57025 2958 3062; 57026 2962 3058;
57027 3058 3162;
57028 3062 3158;
57029 3158 3262; 57030 3162 3258;
57031 3258 3362;
57032 3362 3358;
57101 1308 1404; 57102 1304 1408;
57103 1408 1504;
57104 1404 1508;
57105 1508 1604; 57106 1504 1608;
57107 1608 1704;
57108 1604 1708;
57109 1708 1804; 57110 1704 1808;
57111 1808 1904;
57112 1804 1908;
57113 1908 2004; 57114 1904 2008;
57115 2408 2504;
57116 2404 2508;
57117 2508 2604; 57118 2504 2608;
57119 2608 2704;
57120 2604 2708;
57121 2708 2804; 57122 2704 2808;
57123 2808 2904;
57124 2804 2908;
57125 2908 3004; 57126 2904 3008;
57127 3008 3104;
57128 3004 3108;
57129 3108 3204; 57130 3104 3208;
57131 3208 3304;
57132 3204 3308;
*GABLE ENDS BRACING
60001 1208 511;
60002 1203 1211; 60003 1211 512; 60004 511 1215;
60005 1215 401;
60006 512 1218;
60007 1218 513; 60008 401 1221;
60009 1221 514;
60010 513 1225;
60011 1225 402; 60012 514 1228;
60013 1228 515;
60014 402 1231;
60015 1231 516;
60016 515 1235;
60017 1235 403;
60018 516 1238;
60019 1238 517;
60020 403 1241;
60021 1241 518;
60022 517 1245;
60023 1245 404;
60024 518 1248;
60025 1248 519;
60026 404 1251;
60027 1251 520; 60028 519 1255;
60029 1255 1263; 60030 520 1258;
61001 3408 611;
61002 3403 3411; 61003 3411 612; 61004 611 3415;
61005 3415 485;
61006 612 3418;
61007 3418 613;
61008 485 3421;
61009 3421 614;
61010 613 3425;
61011 3425 486; 61012 614 3428;
61013 3428 615;
61014 486 3431;
61015 3431 616;
61016 615 3435;
61017 3435 487;
61018 616 3438;
61019 3438 617;
61020 487 3441;
61021 3441 618;
61022 617 3445;
61023 3445 488;
61024 618 3448;
61025 3448 619;
61026 488 3451;
61027 3451 610;
61028 619 3455;
61029 3455 3463; 61030 610 3458;
*LATHE ON PIT HALL ROOF BEAM
4005 2462 42483; 4006 42483 42484 4015;
4105 2562 42583; 4106 42583 42584 4115;
4205 2662 42683; 4206 42683 42684 4215;
4305 2762 42783; 4306 42783 42784 4315;
4405 2862 42883; 4406 42883 42884 4415;
4505 2962 42983; 4506 42983 42984 4515;
*LATHE PIT ON HALL ROOF SECONDARY BEAM
4702 2462 2562; 4703 2562 2662; 4704 2662 2762;
4705 2762 2862; 4706 2862 2962;
4721 42384 42484; 4722 42484 42584; 4723 42584 42684;
4724 42684 42784; 4725 42784 42884; 4726 42884 42984;
4727 42984 43084;
4751 42387 42487; 4752 42487 42587; 4753 42587 42687;
4754 42687 42787; 4755 42787 42887; 4756 42887 42987;
4757 42987 43087;
4771 42389 42489; 4772 42489 42589; 4773 42589 42689;
4774 42689 42789; 4775 42789 42889; 4776 42889 42989;
4777 42989 43089;
4791 42391 42491; 4792 42491 42591; 4793 42591 42691;
4794 42691 42791; 4795 42791 42891; 4796 42891 42991;
4797 42991 43091;
4801 42392 42492; 4802 42492 42592; 4803 42592 42692;
4804 42692 42792; 4805 42792 42892; 4806 42892 42992;
4807 42992 43092;
*LATHE PIT ON HALL COLUMN
4017 52491 52492; 4018 52492 42491;
4117 52591 52592; 4118 52592 42591;
4217 52691 52692; 4218 52692 42691;
4317 52791 52792; 4318 52792 42791;
4417 52891 52892; 4418 52892 42891;
4517 52991 52992; 4518 52992 42991;
*LATHE PIT HALL CRANE BEAM
4551 52492 52592; 4552 52592 52692; 4553 52692 52792;
4554 52792 52892; 4555 52892 52992;
4561 2463 2564; 4562 2564 2664; 4563 2664 2764;
4564 2764 2864; 4565 2864 2963
*LATHE PIT BRACING
46001 2462 42584; 46002 42484 2562;
46003 42484 42587; 46004 42584 42487;
46005 42487 42589; 46006 42587 42489;
46007 42489 42591; 46008 42589 42491;
47001 2862 42984; 47002 42884 2962; 47003 42884 42987; 47004 42984 42887;
47005 42887 42989; 47006 42987 42889; 47007 42889 42991; 47008 42989 42891;
47009 42491 42592; 47010 42591 42492; 47011 42891 42992; 47012 42991 42892;
47013 2462 42384; 47014 42387 42489; 47015 42487 42389;
47016 42391 42492; 47017 42491 42392;
47018 2962 43084; 47019 42987 43089; 47020 43087 42989;
47021 42991 43092; 47022 43091 42992;
47101 42491 52592; 47102 52592 52491; 47103 42591 52492; 47104 52492 52591;
47105 42891 52992; 47106 52992 52891; 47107 42991 52892; 47108 52892 52991;

DEFINE MATERIAL START
ISOTROPIC STEEL
E 2.05e+008
POISSON 0.25
DENSITY 77
ALPHA 1.2e-005
DAMP 0.03
END DEFINE MATERIAL

MEMBER PROPERTY BRITISH
*MAIN FRAME
1201 1301 1401 1501 1601 1701 TAPERED 0.30 0.01 0.61 0.25 0.015 0.25 0.015
1202 TAPERED 0.61 0.01 0.745 0.25 0.015 0.25 0.015
1265 TAPERED 0.745 0.01 0.88 0.25 0.015 0.25 0.015
1302 1402 1502 1602 1702 TAPERED 0.61 0.01 0.88 0.25 0.015 0.25 0.015
1203 1303 1403 1503 1603 1703 TAPERED 0.88 0.01 0.99 0.25 0.015 0.25 0.015
1204 1304 1404 1504 1604 1704 TAPERED 0.99 0.01 1.10 0.25 0.015 0.25 0.015
1205 1305 1405 1505 1605 1705 TAPERED 1.10 0.01 1.10 0.25 0.015 0.25 0.015
1206 1306 1406 1506 1606 1706 TAPERED 1.10 0.01 0.95 0.25 0.015 0.25 0.015
1207 1307 1407 1507 1607 1707 TAPERED 0.95 0.01 0.80 0.25 0.015 0.25 0.015
1801 1901 2001 2101 2201 2401 2501 2601 2701 2801 2901 3001 -
3101 3201 3301 3401 TAPERED 0.7 0.01 0.85 0.25 0.015 0.25 0.015
1802 1902 2002 2102 2202 2402 2502 2602 2702 2802 2902 3002 -
3102 3202 3302 TAPERED 0.85 0.01 0.99 0.25 0.015 0.25 0.015
3402 TAPERED 0.85 0.01 0.92 0.25 0.015 0.25 0.015
3465 TAPERED 0.92 0.01 0.99 0.25 0.015 0.25 0.015
1803 1903 2003 2103 2203 2403 2503 2603 2703 2803 2903 3003 -
3103 3203 3303 3403 TAPERED 0.99 0.01 1.04 0.25 0.015 0.25 0.015
1804 1904 2004 2104 2204 2404 2504 2604 2704 2804 2904 3004 -
3104 3204 3304 3404 TAPERED 1.04 0.01 1.10 0.25 0.015 0.25 0.015
1805 1905 2005 2105 2205 2405 2505 2605 2705 2805 2905 3005 -
3105 3205 3305 3405 TAPERED 1.10 0.01 1.10 0.25 0.015 0.25 0.015
1806 1906 2006 2106 2206 2406 2506 2606 2706 2806 2906 3006 -
3106 3206 3306 3406 TAPERED 1.10 0.01 0.95 0.25 0.015 0.25 0.015
1807 1907 2007 2107 2207 2407 2507 2607 2707 2807 2907 3007 -
3107 3207 3307 3407 TAPERED 0.95 0.01 0.80 0.25 0.015 0.25 0.015
*
1208 TO 1215 1250 TO 1257 1308 TO 1315 1350 TO 1357 -
1408 TO 1415 1450 TO 1457 1508 TO 1515 1550 TO 1557 -
1608 TO 1615 1650 TO 1657 1708 TO 1715 1750 TO 1757 -
1808 TO 1815 1850 TO 1857 1908 TO 1915 1950 TO 1957 -
2008 TO 2015 2050 TO 2057 2108 TO 2115 2150 TO 2157 -
2208 TO 2215 2250 TO 2257 2408 TO 2415 2450 TO 2457 -
2508 TO 2515 2550 TO 2557 2608 TO 2615 2650 TO 2657 -
2708 TO 2715 2750 TO 2757 2808 TO 2815 2850 TO 2857 -
2908 TO 2915 2950 TO 2957 3008 TO 3015 3050 TO 3057 -
3108 TO 3115 3150 TO 3157 3208 TO 3215 3250 TO 3257 -
3308 TO 3315 3350 TO 3357 3408 TO 3415 3450 TO 3457 -
TAPERED 0.8 0.01 0.8 0.25 0.015 0.25 0.015
*
1220 TO 1225 1230 TO 1235 1240 TO 1245 -
1320 TO 1325 1330 TO 1335 1340 TO 1345
1420 TO 1425 1430 TO 1435 1440 TO 1445
1520 TO 1525 1530 TO 1535 1540 TO 1545
1620 TO 1625 1630 TO 1635 1640 TO 1645
1720 TO 1725 1730 TO 1735 1740 TO 1745
1820 TO 1825 1830 TO 1835 1840 TO 1845
1920 TO 1925 1930 TO 1935 1940 TO 1945
2020 TO 2025 2030 TO 2035 2040 TO 2045
2120 TO 2125 2130 TO 2135 2140 TO 2145
2220 TO 2225 2230 TO 2235 2240 TO 2245
2420 TO 2425 2430 TO 2435 2440 TO 2445
2520 TO 2525 2530 TO 2535 2540 TO 2545
2620 TO 2625 2630 TO 2635 2640 TO 2645
2720 TO 2725 2730 TO 2735 2740 TO 2745
2820 TO 2825 2830 TO 2835 2840 TO 2845
2920 TO 2925 2930 TO 2935 2940 TO 2945
3020 TO 3025 3030 TO 3035 3040 TO 3045
3120 TO 3125 3130 TO 3135 3140 TO 3145
3220 TO 3225 3230 TO 3235 3240 TO 3245 -
3320 TO 3325 3330 TO 3335 3340 TO 3345
3420 TO 3425 3430 TO 3435 3440 TO 3445
TAPERED 0.6 0.01 0.6 0.25 0.015 0.25 0.015
*
1216 1316 1416 1516 1616 1716 1816 1916 2016 2116 2216 2416
2516 2616 2716 2816 2916 3016 3116 3216 3316 3416
TAPERED 0.80 0.01 0.80 0.25 0.015 0.25 0.015
*BEAM AT FIRST INTERNAL COLUMN SUPPORT
1217 1317 1417 1517 1617 1717 2017 2117 2217 2417
2517 2617 2717 2817 2917 3017 3317 3417
TAPERED 0.80 0.01 0.8 0.25 0.015 0.25 0.015
*
**********
1817 1917 3117 3217 -
TAPERED 0.80 0.01 1.1 0.25 0.015 0.25 0.015
**********
*
*TAPERED BEAM AT INTERNAL COLUMN SUPPORT
1226 1236 1246 1326 1336 1346 1426 1436 1446
1526 1536 1546 1626 1636 1646 1726 1736 1746
1826 1836 1846 1926 1936 1946 2026 2036 2046
2126 2136 2146 2226 2236 2246 2426 2436 2446
2526 2536 2546 2626 2636 2646 2726 2736 2746
2826 2836 2846 2926 2936 2946 3026 3036 3046
3126 3136 3146 3226 3236 3246 3326 3336 3346
3426 3436 3446 TAPERED 0.6 0.01 0.7 0.25 0.015 0.25 0.015
*
*TAPERED BEAM AT INTERNAL COLUMN SUPPORT
1227 1237 1247 1327 1337 1347 1427
1527 1627 1637 1647 1727 1737 1747
2027 2037 2047 -
2127 2137 2147 2227 2237 2247 2427 2437 2447
2527 2537 2547 2627 2637 2647 2727 2737 2747
2827 2837 2847 2927 2937 2947 3027 3037 3047
3327 3337 3347-
3427 3437 3447 TAPERED 0.7 0.01 0.8 0.25 0.015 0.25 0.015
*
**********
1437 1447 1537 1547 1827 1837 1847 1927 1937 1947
3127 3137 3147 3227 3237 3247 -
TAPERED 0.7 0.01 1.1 0.25 0.015 0.25 0.015
*
**********
*TAPERED BEAM AT INTERNAL COLUMN SUPPORT
1218 1228 1238 1318 1328 1338 1418 1428
1518 1528 1618 1628 1638 1718 1728 1738
2018 2028 2038 -
2118 2128 2138 2218 2228 2238 2418 2428 2438
2518 2528 2538 2618 2628 2638 2718 2728 2738
2818 2828 2838 2918 2928 2938 3018 3028 3038
3318 3328 3338 -
3418 3428 3438 TAPERED 0.8 0.01 0.7 0.25 0.015 0.25 0.015
**********
1438 1538 1818 1828 1838 1918 1928 1938
3118 3128 3138 3218 3228 3238
TAPERED 1.1 0.01 0.7 0.25 0.015 0.25 0.015
**********
*TAPERED BEAM AT INTERNAL COLUMN SUPPORT
1219 1229 1239 1319 1329 1339 1419 1429 1439
1519 1529 1539 1619 1629 1639 1719 1729 1739
1819 1829 1839 1919 1929 1939 2019 2029 2039
2119 2129 2139 2219 2229 2239 2419 2429 2439
2519 2529 2539 2619 2629 2639 2719 2729 2739
2819 2829 2839 2919 2929 2939 3019 3029 3039
3119 3129 3139 3219 3229 3239 3319 3329 3339
3419 3429 3439 TAPERED 0.7 0.01 0.6 0.25 0.015 0.25 0.015
*BEAM AT FIRST INTERNAL COLUMN SUPPORT
1248 1348 1648 1748 2048 2148 2248 2448
2548 2648 2748 2848 2948 3048 3348 3448
TAPERED 0.80 0.01 0.8 0.25 0.015 0.25 0.015
*
**********
1448 1548 1848 1948 3148 3248 -
TAPERED 1.1 0.01 0.8 0.25 0.015 0.25 0.015
**********
*
1249 1349 1449 1549 1649 1749 1849 1949 2049 2149 2249 2449
2549 2649 2749 2849 2949 3049 3149 3249 3349 3449
TAPERED 0.80 0.01 0.80 0.25 0.015 0.25 0.015
*
1258 1358 1458 1558 1658 1758 1858 1958 2058 2158 2258 2458
2958 3058 3158 3258 3358 3458 TAPERED 0.80 0.01 0.95 0.25 0.015 0.25 0.015
2558 2658 2758 2858 TAPERED 0.80 0.01 0.95 0.25 0.015 0.25 0.015
1259 1359 1459 1559 1659 1759 1859 1959 2059 2159 2259 2459 -
2959 3059 3159 3259 3359 3459 TAPERED 0.95 0.01 1.1 0.25 0.015 0.25 0.015
2559 2659 2759 2859 TAPERED 0.95 0.01 1.10 0.25 0.015 0.25 0.015
1260 1360 1460 1560 1660 1760 1860 1960 2060 2160 2260 2460 -
2960 3060 3160 3260 3360 3460 TAPERED 1.10 0.01 1.10 0.25 0.015 0.25 0.015
2560 2660 2760 2860 TAPERED 1.10 0.01 1.10 0.25 0.015 0.25 0.015
1261 1361 1461 1561 1661 1761 1861 1961 2061 2161 2261 2461 -
2961 3061 3161 3261 3361 3461 TAPERED 1.10 0.01 1.04 0.25 0.015 0.25 0.015
2561 2661 2761 2861 TAPERED 1.10 0.01 1.04 0.25 0.015 0.25 0.015
1262 1362 1462 1562 1662 1762 1862 1962 2062 2162 2262 2462 -
2962 3062 3162 3262 3362 3462 TAPERED 1.04 0.01 0.99 0.25 0.015 0.25 0.015
2562 2662 2762 2862 TAPERED 1.04 0.01 0.4 0.25 0.015 0.25 0.015
1266 TAPERED 0.990 0.01 0.925 0.25 0.015 0.25 0.015
1263 TAPERED 0.925 0.01 0.860 0.25 0.015 0.25 0.015
1363 1463 1563 1663 1763 1863 1963 2063 2163 2263 2463 -
2963 3063 3163 3263 3363 TAPERED 0.99 0.01 0.86 0.25 0.015 0.25 0.015
3466 TAPERED 0.99 0.01 0.925 0.25 0.015 0.25 0.015
3463 TAPERED 0.925 0.01 0.86 0.25 0.015 0.25 0.015
2563 2663 2763 2863 TAPERED 0.75 0.01 0.75 0.25 0.015 0.25 0.015
1264 1364 1464 1564 1664 1764 1864 1964 2064 2164 2264 2464 -
2964 3064 3164 3264 3364 3464 TAPERED 0.86 0.01 0.7 0.25 0.015 0.25 0.015
2564 2664 2764 2864 TAPERED 1.1 0.01 1.1 0.25 0.015 0.25 0.015
*SECONDARY BEAM
5100 5123 5300 5323 5500 5523 5700 5723 5900 5923 -
6100 6123 6300 6323 6500 6523 6600 6623 6700 6723
6900 6923 7100 7123 7300 7323 7500 7523 7600 7623
7700 7723 7900 7923 8100 8123 8300 8323 8500 8523
8600 8623 8700 8723 8900 8923 9100 9123 9300 9323 9500 9523
9700 9723 9900 9923 11000 11023 TAPERED 0.3 0.06 0.3 0.15 0.01 0.15 0.01
5101 TO 5122 5301 TO 5322 5501 TO 5522 5701 TO 5722 5901 TO 5922
6101 TO 6122 6301 TO 6322 6501 TO 6522 6601 TO 6622 6701 TO 6722
6901 TO 6922 7101 TO 7122 7301 TO 7322 7501 TO 7522 7601 TO 7622
7701 TO 7722 7901 TO 7922 8101 TO 8122 8301 TO 8322 8501 TO 8522
8601 TO 8622 8701 TO 8722 8901 TO 8922 9101 TO 9122 9301 TO 9322
9501 TO 9522 9701 TO 9722 9901 TO 9922 11001 TO 11022
TAPERED 0.4 0.06 0.4 0.15 0.01 0.15 0.01
*SIDE BEAM
21000 TO 21023 22000 TO 22023 31000 TO 31012 31013 TO 31017 31018 TO 31023
32000 TO 32012 32018 TO 32023 TAPERED 0.3 0.01 0.3 0.25 0.02 0.25 0.02
* INTERMEDIATE PERIMETER BEAM
701 TO 715 801 TO 815 TAPERED 0.3 0.01 0.3 0.25 0.02 0.25 0.02
721 TO 735 821 TO 835 TAPERED 0.3 0.01 0.3 0.25 0.02 0.25 0.02
* INTERNAL COLUMN
1 TO 88 91 TO 98 TAPERED 0.75 0.012 0.75 0.25 0.020 0.25 0.020
401 TO 488 TAPERED 0.75 0.012 0.75 0.25 0.020 0.25 0.020
*PERIMETER COLUMN
101 TO 120 201 TO 220 TAPERED 0.3 0.01 0.3 0.3 0.015 0.3 0.015
501 TO 510 601 TO 610 TAPERED 0.3 0.01 0.3 0.3 0.015 0.3 0.015
* INTERNAL CRANE BEAM
901 TO 984 TAPERED 0.65 0.008 0.65 0.25 0.012 0.25 0.012
*LATHE PIT HALL ROOF BEAM
4005 TO 4015 4105 TO 4115 4205 TO 4215 4305 TO 4315 -
4405 TO 4415 4505 TO 4515 TAPERED 0.65 0.008 0.65 0.25 0.012 0.25 0.012
*LATHE PIT HALL ROOF SECONDARY BEAM
4702 TO 4706 4721 TO 4727 4751 TO 4757 4771 TO 4777 4791 TO 4797 -
4801 TO 4807 TAPERED 0.4 0.06 0.4 0.15 0.01 0.15 0.01
*LATHE PIT HALL COLUMN
4017 4018 4117 4118 4217 4218 4317 4318 4417 4418 4517 4518 -
TAPERED 0.6 0.01 0.6 0.25 0.015 0.25 0.015
*LATHE PIT HALL CRANE BEAM
4551 TO 4555 4561 TO 4565 TAPERED 0.65 0.008 0.65 0.25 0.012 0.25 0.012
*ROOF AND VERTICAL BRACING MAIN FRAME AND LATHE PIT HALL
40001 TO 40066 41001 TO 41066 42001 TO 42066 43001 TO 43062 44001 TO 44036
45001 TO 45036 46001 TO 46008 47001 TO 47022 TABLE ST UA90X90X6
47101 TO 47108 TABLE ST UA90X90X6
50001 TO 50012 51001 TO 51004 52001 TO 52016 53001 TO 53016 54001 TO 54008
55001 TO 55004 56001 TO 56008 TABLE ST UA90X90X6
57001 TO 57032 57101 TO 57132 TABLE ST UA90X90X6
*GABLE ENDS BRACING
60001 TO 60030 61001 TO 61030 TABLE ST UA90X90X6
MEMBER RELEASE
5102 TO 5111 5113 TO 5122 5302 TO 5311 5313 TO 5322
5502 TO 5511 5513 TO 5522 5702 TO 5711 5713 TO 5722
5902 TO 5911 5913 TO 5922 6102 TO 6111 6113 TO 6122
6302 TO 6311 6313 TO 6322 6502 TO 6511 6513 TO 6522
6602 TO 6611 6613 TO 6622 6702 TO 6711 6713 TO 6722
6902 TO 6911 6913 TO 6922 7102 TO 7111 7113 TO 7122
7302 TO 7311 7313 TO 7322 7502 TO 7511 7513 TO 7522
7602 TO 7611 7613 TO 7622 7702 TO 7711 7713 TO 7722
7902 TO 7911 7913 TO 7922 8102 TO 8111 8113 TO 8122
8302 TO 8311 8313 TO 8322 8502 TO 8511 8513 TO 8522
8602 TO 8611 8613 TO 8622 8702 TO 8711 8713 TO 8722
8902 TO 8911 8913 TO 8922 9102 TO 9111 9113 TO 9122
9302 TO 9311 9313 TO 9322 9502 TO 9511 9513 TO 9522
9702 TO 9711 9713 TO 9722 9902 TO 9911 9913 TO 9922
11002 TO 11011 11013 TO 11022 START MX MY MZ
5101 TO 5110 5112 TO 5121 5301 TO 5310 5312 TO 5321
5501 TO 5510 5512 TO 5521 5701 TO 5710 5712 TO 5721
5901 TO 5910 5912 TO 5921 6101 TO 6110 6112 TO 6121
6301 TO 6310 6312 TO 6321 6501 TO 6510 6512 TO 6521
6601 TO 6610 6612 TO 6621 6701 TO 6710 6712 TO 6721
6901 TO 6910 6912 TO 6921 7101 TO 7110 7112 TO 7121
7301 TO 7310 7312 TO 7321 7501 TO 7510 7512 TO 7521
7601 TO 7610 7612 TO 7621 7701 TO 7710 7712 TO 7721
7901 TO 7910 7912 TO 7921 8101 TO 8110 8112 TO 8121
8301 TO 8310 8312 TO 8321 8501 TO 8510 8512 TO 8521
8601 TO 8610 8612 TO 8621 8701 TO 8710 8712 TO 8721
8901 TO 8910 8912 TO 8921 9101 TO 9110 9112 TO 9121
9301 TO 9310 9312 TO 9321 9501 TO 9510 9512 TO 9521
9701 TO 9710 9712 TO 9721 9901 TO 9910 9912 TO 9921
11001 TO 11010 11012 TO 11021 END MZ MY MZ
4702 TO 4706 4723 TO 4726 4753 TO 4756
4773 TO 4776 4793 TO 4796 4803 TO 4806 START MX MY MZ
4702 TO 4706 4722 TO 4725 4752 TO 4755
4772 TO 4775 4792 TO 4795 4802 TO 4805 END MX MY MZ
701 TO 715 801 TO 815 905 TO 980 BOTH MX MY MZ
721 TO 735 821 TO 835 BOTH MX MY MZ
4551 TO 4555 4561 TO 4565 BOTH MX MY MZ

CONSTANTS
BETA 90 MEMB 1 TO 88 91 TO 98 401 TO 488
BETA 90 MEMB 2403 2563 2564 2661 2663 2664 2763 2764 2863 2864
BETA 90 MEMB 4017 4117 4217 4317 4417 4517
BETA 90 MEMB 4018 4118 4218 4318 4418 4518
BETA 90 MEMB 21000 TO 21023 22000 TO 22023 31000 TO 31023
BETA 90 MEMB 32000 TO 32012 32018 TO 32023

MATERIAL STEEL ALL

MEMBER TENSION
40001 TO 40066 41001 TO 41066 42001 TO 42066
43001 TO 43062 44001 TO 44036 45001 TO 45036
46001 TO 46008 47001 TO 47022 47101 TO 47108
50001 TO 50012 51001 TO 51004 52001 TO 52016 53001 TO 53016
54001 TO 54008 55001 TO 55004 56001 TO 56008
60001 TO 60030 61001 TO 61030

SUPPORTS
1201 1265 1301 1365 1401 1465 1501 1565 1601 1665 1701 1765 1801 1865
1901 1965 2001 2065 2101 2165 2201 2265 2401 2465 2501 2566
2601 2666 2701 2766 2801 2866 2901 2965 3001 3065 3101 3165 3201 3265
3301 3365 3401 3465 PINNED
*INTERNAL COLUMN LOCATION
12018 12028 12038 12048 13018 13028 13038 13048 14018 14028 14038 14048
15018 15028 15038 15048 16018 16028 16038 16048 17018 17028 17038 17048
18018 18028 18038 18048 19018 19028 19038 19048 20018 20028 20038 20048
21018 21028 21038 21048 22018 22028 22038 22048 24018 24028 24038 24048
25018 25028 25038 25048 26018 26028 26038 26048 27018 27028 27038 27048
28018 28028 28038 28048 29018 29028 29038 29048 30018 30028 30038 30048
31018 31028 31038 31048 32018 32028 32038 32048 33018 33028 33038 33048
34018 34028 34038 34048 PINNED
*PERIMETER COLUMN
35011 35015 35021 35025 35031 35035 35041 35045 35051 35055
36011 36015 36021 36025 36031 36035 36041 36045 36051 36055 PINNED
*LATHE ON PIT HALL COLUMN LOCATION
52491 52591 52691 52791 52891 52991 PINNED

LOAD 1 SELFWEIGHT
SELFWEIGHT Y -1

LOAD 2 SDL
MEMBER LOAD
*ROOF
5100 TO 5123 11000 TO 11023 UNI GY -4.88
5300 TO 5323 9900 TO 9923 UNI GY -3.93
5500 TO 5523 5700 TO 5723 5900 TO 5923
6100 TO 6123 6300 TO 6323
6900 TO 6923 7100 TO 7123 7300 TO 7323
7900 TO 7923 8100 TO 8123 8300 TO 8323
8900 TO 8923 9100 TO 9123 9300 TO 9323
9500 TO 9523 9700 TO 9723 UNI GY -4.0
6500 TO 6523 6700 TO 6723 7500 TO 7523
7700 TO 7723 8500 TO 8523 8700 TO 8723 UNI GY -3.5
6600 TO 6623 7600 TO 7623 8600 TO 8623 UNI GY -3.0
*SIDE CLADDING
21000 TO 21023 31000 TO 31012 31013 TO 31017 31018 TO 31023 UNI GY -3.18
22000 TO 22023 32000 TO 32012 32018 TO 32023 UNI GY -2.90
*LATHE PIT HALL ROOF
4702 TO 4706 UNI GY -5.79
4721 TO 4727 UNI GY -4.75
4751 TO 4757 UNI GY -3.75
4771 TO 4777 4791 TO 4797 UNI GY -3.0
4801 TO 4807 UNI GY -1.85
*AHU PLATFORM LOAD
1436 1536 1816 1826 1836 1846 1916 1926 1936 1946
3116 3126 3136 3146 3216 3226 3236 3246 CON GY -23
1439 1539 1819 1829 1839 1849 1919 1929 1939 1949
3119 3129 3139 3149 3219 3229 3239 3249 CON GY -23
1454 1554 1854 1954 3154 3254 CON GY -22 1.87
1811 1911 3111 3211 CON GY -22 0.13
1456 1556 1856 1956 3156 3256 CON GY -40 1.2
1809 1909 3109 3209 CON GY -40 0.65
1445 1545 CON GY -25 1.025
1447 1547 CON GY -25 1.225
JOINT LOAD
*AHU PLATFORM LOAD
1438 1538 1818 1828 1838 1848 1918 1928 1938 1948
3118 3128 3138 3148 3218 3228 3238 3248 FY -32
1462 1562 1862 1962 3162 3262 FY -23
1804 1904 3104 3204 FY -23

LOAD 3 LL
MEMBER LOAD
5100 TO 5123 11000 TO 11023 UNI GY -2.93
5300 TO 5323 9900 TO 9923 UNI GY -2.36
5500 TO 5523 5700 TO 5723 5900 TO 5923
6100 TO 6123 6300 TO 6323
6900 TO 6923 7100 TO 7123 7300 TO 7323
7900 TO 7923 8100 TO 8123 8300 TO 8323
8900 TO 8923 9100 TO 9123 9300 TO 9323
9500 TO 9523 9700 TO 9723 UNI GY -2.4
6500 TO 6523 6700 TO 6723 7500 TO 7523
7700 TO 7723 8500 TO 8523 8700 TO 8723 UNI GY -2.1
6600 TO 6623 7600 TO 7623 8600 TO 8623 UNI GY -1.8
*LATHE PIT HALL ROOF
4702 TO 4706 UNI GY -3.45
4721 TO 4727 UNI GY -2.85
4751 TO 4757 UNI GY -2.25
4771 TO 4777 4791 TO 4797 UNI GY -1.8
4801 TO 4807 UNI GY -1.11
*AHU PLATFORM LOAD
1436 1536 1816 1826 1836 1846 1916 1926 1936 1946
3116 3126 3136 3146 3216 3226 3236 3246 CON GY -24
1439 1539 1819 1829 1839 1849 1919 1929 1939 1949
3119 3129 3139 3149 3219 3229 3239 3249 CON GY -24
1454 1554 1854 1954 3154 3254 CON GY -22 1.87
1811 1911 3111 3211 CON GY -22 0.13
1456 1556 1856 1956 3156 3256 CON GY -34 1.2
1809 1909 3109 3209 CON GY -34 0.65
1445 1545 CON GY -24 1.025
1447 1547 CON GY -24 1.225
JOINT LOAD
*AIRCON LOAD
1318 1418 1518 1618 1718 1818 1918 2018 2118 2218 2418 2518 2618
2718 2818 2918 3018 3118 3218 3318 FY -5.0
1328 1428 1528 1628 1728 1828 1928 2028 2128 2228 2428 2528 2628
2728 2828 2928 3028 3128 3228 3328 FY -5.0
1338 1438 1538 1638 1738 1838 1938 2038 2138 2238 2438 2538 2638
2738 2838 2938 3038 3138 3238 3338 FY -5.0
1348 1448 1548 1648 1748 1848 1948 2048 2148 2248 2448 2548 2648
2748 2848 2948 3048 3148 3248 3348 FY -5.0
42584 42684 42784 42884 42587 42687 42787 42887
42589 42689 42789 42889 FY -5.0
*AHU PLATFORM LOAD
1438 1538 1818 1828 1838 1848 1918 1928 1938 1948
3118 3128 3138 3148 3218 3228 3238 3248 FY -18
1462 1562 1862 1962 3162 3262 FY -11
1804 1904 3104 3204 FY -11

LOAD 11 WL1 (INTERNAL SUCTION, WIND ANGLE 0)
MEMBER LOAD
5100 TO 5123 UNI GY 0.49
5300 TO 5323 UNI GY 0.39
5500 TO 5523 5700 TO 5723 5900 TO 5923 6100 TO 6123 6300 TO 6323
6900 TO 6923 7100 TO 7123 7300 TO 7323 UNI GY 0.40
6500 TO 6523 6700 TO 6723 7500 TO 7523 UNI GY 0.35
6600 TO 6623 UNI GY 0.30
*
7600 TO 7623 UNI GY -0.08
8600 TO 8623 UNI GY -1.86
7700 TO 7723 8500 TO 8523 8700 TO 8723 UNI GY -2.17
7900 TO 7923 8100 TO 8123 8300 TO 8323 8900 TO 8923 9100 TO 9123
9300 TO 9323 9500 TO 9523 9700 TO 9723 UNI GY -2.48
9900 TO 9923 UNI GY -2.44
11000 TO 11023 UNI GY -3.03
*SIDE CLADDING
21000 TO 21023 UNI GZ 7.13
22000 TO 22023 UNI GZ 6.49
31000 TO 31023 UNI GZ 1.59
4702 TO 4706 32000 TO 32012 32018 TO 32023 UNI GZ 1.45
*LATHE PIT HALL ROOF
4721 TO 4727 UNI GY 3.23
4751 TO 4757 UNI GY 2.55
4771 TO 4777 4791 TO 4797 UNI GY -1.86
4801 TO 4807 UNI GY -1.15
*LATHE PIT HALL FACE COLUMNS
4017 4517 UNI GZ 1
4117 4217 4317 4417 UNI GZ 2

LOAD 12 WL2 (INTERNAL PRESSURE, WIND ANGLE 0)
MEMBER LOAD
5100 TO 5123 UNI GY 3.51
5300 TO 5323 UNI GY 2.83
5500 TO 5523 5700 TO 5723 5900 TO 5923 6100 TO 6123 6300 TO 6323
6900 TO 6923 7100 TO 7123 7300 TO 7323 UNI GY 2.88
6500 TO 6523 6700 TO 6723 7500 TO 7523 UNI GY 2.52
6600 TO 6623 UNI GY 2.16
7600 TO 7623 UNI GY 1.83
*
8600 TO 8623 UNI GY 1.50
7700 TO 7723 8500 TO 8523 8700 TO 8723 UNI GY 1.75
7900 TO 7923 8100 TO 8123 8300 TO 8323 8900 TO 8923 9100 TO 9123
9300 TO 9323 9500 TO 9523 9700 TO 9723 UNI GY 2.00
9900 TO 9923 UNI GY 1.97
11000 TO 11023 UNI GY 2.44
*SIDE CLADDING
21000 TO 21023 UNI GZ 3.18
22000 TO 22023 UNI GZ 2.90
31000 TO 31023 UNI GZ 5.54
4702 TO 4706 32000 TO 32012 32018 TO 32023 UNI GZ 5.04
*LATHE PIT HALL ROOF
4721 TO 4727 UNI GY 6.17
4751 TO 4757 UNI GY 4.88
4771 TO 4777 4791 TO 4797 UNI GY 1.50
4801 TO 4807 UNI GY 0.93
*LATHE PIT HALL FACE COLUMNS
4017 4517 UNI GZ 3.48
4117 4217 4317 4417 UNI GZ 6.96

LOAD 13 WL3 (INTERNAL SUCTION, WIND ANGLE 90)
MEMBER LOAD
5100 TO 5123 UNI GY -3.03
5300 TO 5323 UNI GY -2.44
5500 TO 5523 5700 TO 5723 5900 TO 5923 6100 TO 6123 6300 TO 6323
6900 TO 6923 7100 TO 7123 7300 TO 7323 UNI GY -2.48
6500 TO 6523 6700 TO 6723 7500 TO 7523 UNI GY -2.17
6600 TO 6623 UNI GY -1.86
*
7600 TO 7623 UNI GY -1.86
8600 TO 8623 UNI GY -1.86
7700 TO 7723 8500 TO 8523 8700 TO 8723 UNI GY -2.17
7900 TO 7923 8100 TO 8123 8300 TO 8323 8900 TO 8923 9100 TO 9123
9300 TO 9323 9500 TO 9523 9700 TO 9723 UNI GY -2.48
9900 TO 9923 UNI GY -2.44
11000 TO 11023 UNI GY -3.03
*SIDE CLADDING
21000 TO 21023 UNI GZ -3.95
22000 TO 22023 UNI GZ -3.59
31000 TO 31023 UNI GZ 3.95
4702 TO 4706 32000 TO 32012 32018 TO 32023 UNI GZ 3.59
*LATHE PIT HALL ROOF
4721 TO 4727 UNI GY -2.94
4751 TO 4757 UNI GY -2.33
4771 TO 4777 4791 TO 4797 UNI GY -1.86
4801 TO 4807 UNI GY -1.15
*LATHE PIT HALL FACE COLUMNS
4017 4517 UNI GZ 2.48
4117 4217 4317 4417 UNI GZ 4.96

LOAD 14 WL4 (INTERNAL PRESSURE, WIND ANGLE 90)
MEMBER LOAD
5100 TO 5123 UNI GY 5.47
5300 TO 5323 UNI GY 4.40
5500 TO 5523 5700 TO 5723 5900 TO 5923 6100 TO 6123 6300 TO 6323
6900 TO 6923 7100 TO 7123 7300 TO 7323 UNI GY 4.48
6500 TO 6523 6700 TO 6723 7500 TO 7523 UNI GY 3.92
6600 TO 6623 UNI GY 3.36
*
7600 TO 7623 UNI GY 3.36
*
8600 TO 8623 UNI GY 3.36
7700 TO 7723 8500 TO 8523 8700 TO 8723 UNI GY 3.92
7900 TO 7923 8100 TO 8123 8300 TO 8323 8900 TO 8923 9100 TO 9123
9300 TO 9323 9500 TO 9523 9700 TO 9723 UNI GY 4.48
9900 TO 9923 UNI GY 4.40
11000 TO 11023 UNI GY 5.47
*SIDE CLADDING
21000 TO 21023 UNI GZ -7.89
22000 TO 22023 UNI GZ -7.18
31000 TO 31023 UNI GZ 7.89
4702 TO 4706 32000 TO 32012 32018 TO 32023 UNI GZ 7.18
*LATHE PIT HALL ROOF
4721 TO 4727 UNI GY 5.31
4751 TO 4757 UNI GY 4.20
4771 TO 4777 4791 TO 4797 UNI GY 3.36
4801 TO 4807 UNI GY 2.07
*LATHE PIT HALL FACE COLUMNS
4017 4517 UNI GZ 4.96
4117 4217 4317 4417 UNI GZ 9.92

LOAD 15 WL5 (INTERNAL SUCTION, WIND ANGLE 0)
MEMBER LOAD
5100 TO 5123 UNI GY -3.03
5300 TO 5323 UNI GY -2.44
5500 TO 5523 5700 TO 5723 5900 TO 5923 6100 TO 6123 6300 TO 6323
6900 TO 6923 7100 TO 7123 7300 TO 7323 UNI GY -2.48
6500 TO 6523 6700 TO 6723 7500 TO 7523 UNI GY -2.17
6600 TO 6623 UNI GY -1.86
7600 TO 7623 UNI GY -1.56
*
8600 TO 8623 UNI GY 0.30
7700 TO 7723 8500 TO 8523 8700 TO 8723 UNI GY 0.35
7900 TO 7923 8100 TO 8123 8300 TO 8323 8900 TO 8923 9100 TO 9123
9300 TO 9323 9500 TO 9523 9700 TO 9723 UNI GY 0.40
9900 TO 9923 UNI GY 0.39
11000 TO 11023 UNI GY 0.49
*SIDE COLUMNS
1201 1202 1262 1264 UNI GX -0.63
1 TO 4 101 TO 110 UNI GX -1.25
3401 3402 3462 3464 UNI GX 2.8
85 TO 88 201 TO 210 UNI Gx 5.6
*LATHE PIT HALL ROOF
4721 TO 4727 UNI GY -2.94
4751 TO 4757 UNI GY -2.33
4771 TO 4777 4791 TO 4797 UNI GY 2.04
4801 TO 4807 UNI GY 1.26
*LATHE PIT HALL SIDE COLUMNS
4017 UNI GX -6.53
4517 UNI GX -5.25

LOAD 16 WL6 (INTERNAL PRESSURE, WIND ANGLE 0)
MEMBER LOAD
5100 TO 5123 UNI GY 3.51
5300 TO 5323 UNI GY 2.83
5500 TO 5523 5700 TO 5723 5900 TO 5923 6100 TO 6123 6300 TO 6323
6900 TO 6923 7100 TO 7123 7300 TO 7323 UNI GY 2.88
6500 TO 6523 6700 TO 6723 7500 TO 7523 UNI GY 2.52
6600 TO 6623 UNI GY 2.16
*
7600 TO 7623 UNI GY 1.83
8600 TO 8623 UNI GY 1.50
7700 TO 7723 8500 TO 8523 8700 TO 8723 UNI GY 1.75
7900 TO 7923 8100 TO 8123 8300 TO 8323 8900 TO 8923 9100 TO 9123
9300 TO 9323 9500 TO 9523 9700 TO 9723 UNI GY 2.00
9900 TO 9923 UNI GY 1.97
11000 TO 11023 UNI GY 2.44
*SIDE COLUMNS
1201 1202 1262 1264 UNI GX -2.18
1 TO 4 101 TO 110 UNI GX -4.35
3401 3402 3462 3464 UNI GX 1.25
85 TO 88 201 TO 210 UNI Gx 2.50
*LATHE PIT HALL ROOF
4721 TO 4727 UNI GY 2.37
4751 TO 4757 UNI GY 1.88
4771 TO 4777 4791 TO 4797 UNI GY 3.9
4801 TO 4807 UNI GY 2.405
*LATHE PIT HALL SIDE COLUMNS
4017 UNI GX -1.88
4517 UNI GX -9.90

LOAD 21 EQ1 (EARTHQUAKE LOAD)
JOINT LOAD
1318 1418 1518 1618 1718 1818 1918 2018 2118 2218 2418 2518 2618
2718 2818 2918 3018 3118 3218 3318 FZ 66.2
1328 1428 1528 1628 1728 1828 1928 2028 2128 2228 2428 2528 2628
2728 2828 2928 3028 3128 3228 3328 FZ 66.2
1338 1438 1538 1638 1738 1838 1938 2038 2138 2238 2438 2538 2638
2738 2838 2938 3038 3138 3238 3338 FZ 66.2
1348 1448 1548 1648 1748 1848 1948 2048 2148 2248 2448 2548 2648
2748 2848 2948 3048 3148 3248 3348 FZ 66.2
1211 1215 1218 1221 1225 1228 1231
1235 1238 1241 1245 1248 1251 1255
3411 3415 3418 3421 3425 3428 3431
3435 3438 3441 3445 3448 3451 3455 FZ 66.2
1208 1308 1408 1508 1608 1708 1808 1908 2008 2108 2208 -
2408 2508 2708 2808 2908 3008 3108 3208 3308 3408 FZ 66.2
1258 1358 1458 1558 1658 1758 1858 1958 2058 2158 2208 -
2458 2558 2758 2858 2958 3058 3158 3258 3358 3458 FZ 66.2
42491 42591 42691 42791 42891 42991 FZ 44.2

LOAD 22 EQ2 (EARTHQUAKE LOAD)
JOINT LOAD
1318 1418 1518 1618 1718 1818 1918 2018 2118 2218 2418 2518 2618
2718 2818 2918 3018 3118 3218 3318 FX 66.2
1328 1428 1528 1628 1728 1828 1928 2028 2128 2228 2428 2528 2628
2728 2828 2928 3028 3128 3228 3328 FX 66.2
1338 1438 1538 1638 1738 1838 1938 2038 2138 2238 2438 2538 2638
2738 2838 2938 3038 3138 3238 3338 FX 66.2
1348 1448 1548 1648 1748 1848 1948 2048 2148 2248 2448 2548 2648
2748 2848 2948 3048 3148 3248 3348 FX 66.2
1211 1215 1218 1221 1225 1228 1231
1235 1238 1241 1245 1248 1251 1255
3411 3415 3418 3421 3425 3428 3431
3435 3438 3441 3445 3448 3451 3455 FX 66.2
1208 1308 1408 1508 1608 1708 1808 1908 2008 2108 2208 -
2408 2508 2708 2808 2908 3008 3108 3208 3308 3408 Fx 66.2
1258 1358 1458 1558 1658 1758 1858 1958 2058 2158 2208 -
2458 2558 2758 2858 2958 3058 3158 3258 3358 3458 Fx 66.2
42491 42591 42691 42791 42891 42991 FX 44.2

LOAD 31 CRANE LOAD
JOINT LOAD
2703 FY -130.4 FZ -42.0 MX 78.24
457 FY -164.6 FZ -30.4 MX -6.12
458 FY -170.4 FZ -40.2 MX 77.4
459 FY -186.4 FZ -43.4 MX 67.8
460 FY -186.4 FZ -43.4 MX 67.8
2764 FY -36.7 FZ -7.9 MX -22.0
2565 FY -77.2 FZ -21.0 MX 46.32
52792 FY -20.7 FZ -4.7 MX -12.42

LOAD 32 CRANE LOAD
JOINT LOAD
2703 FY -87.4 FZ 9.4 MX 52.44
457 FY -151.1 FZ 46.7 MX -65.82
458 FY -113.9 FZ 28.9 MX -24.3
459 FY -186.4 FZ 43.4 MX -67.8
460 FY -186.4 FZ 43.4 MX -67.8
2764 FY -149.7 FZ 35.5 MX -89.82
2565 FY -20.7 FZ 4.7 MX 12.42
52792 FY -77.2 FZ 21.0 MX -46.32

LOAD 33 CRANE LOAD
JOINT LOAD
2703 FY -87.4 FZ -9.4 MX 52.44
457 FY -207.6 FZ -42 MX -31.92
458 FY -25.3 FZ 0.0 MX -9.66
459 FY -41.3 FZ 0.0 MX 19.26
460 FY -186.4 FZ -43.4 MX -67.8
2764 FY -36.7 FZ 0.0 MX -22.0

LOAD COMB 1001 1.4DL 1.6LL
1 1.4 2 1.4 3 1.6
LOAD COMB 1011 1.2DL + 1.2LL + 1.2WL1
1 1.2 2 1.2 3 1.2 11 1.2
LOAD COMB 1111 1.4DL 1.4WL1
1 1.4 2 1.4 11 1.4
LOAD COMB 1211 1.0DL + 1.4WL1
1 1.0 2 1.0 11 1.4
LOAD COMB 1012 1.2DL + 1.2LL + 1.2WL2
1 1.2 2 1.2 3 1.2 12 1.2
LOAD COMB 1112 1.4DL 1.4WL2
1 1.4 2 1.4 12 1.4
LOAD COMB 1212 1.0DL 1.4WL2
1 1.0 2 1.0 12 1.4
LOAD COMB 1013 1.2DL + 1.2LL + 1.2WL3
1 1.2 2 1.2 3 1.2 13 1.2
LOAD COMB 1113 1.4DL + 1.4WL3
1 1.4 2 1.4 13 1.4
LOAD COMB 1213 1.0DL + 1.4WL3
1 1.0 2 1.0 13 1.4
LOAD COMB 1014 1.2DL + 1.2LL + 1.2WL4
1 1.2 2 1.2 3 1.2 14 1.2
LOAD COMB 1114 1.4DL + 1.4WL4
1 1.4 2 1.4 14 1.4
LOAD COMB 1214 1.0DL 1.4WL4
1 1.0 2 1.0 14 1.4
LOAD COMB 1015 1.2DL + 1.2LL + 1.2WL5
1 1.2 2 1.2 3 1.2 15 1.2
LOAD COMB 1115 1.4DL 1.4WL5
1 1.4 2 1.4 15 1.4
LOAD COMB 1215 1.0DL + 1.4WL5
1 1.0 2 1.0 15 1.4
LOAD COMB 1016 1.2DL + 1.2LL 1.2WL6
1 1.2 2 1.2 3 1.2 16 1.2
LOAD COMB 1116 1.4DL 1.4WL6
1 1.4 2 1.4 16 1.4
LOAD COMB 1216 1.0DL + 1.4WL6
1 1.0 2 1.0 16 1.4
LOAD COMB 1021 1.2DL + 0.5LL + 1.0EQ1
1 1.2 2 1.2 3 0.5 21 1.0
LOAD COMB 1022 1.2DL + 0.5LL + 1.0EQ2
1 1.2 2 1.2 3 0.5 22 1.0
LOAD COMB 1121 1.2DL + 0.5LL - 1.0EQ1
1 1.2 2 1.2 3 0.5 21 -1.0
LOAD COMB 1122 1.2DL + 0.5LL - 1.0EQ2
1 1.2 2 1.2 3 0.5 22 -1.0
LOAD COMB 1221 0.9DL + 1.0EQ1
1 0.9 2 0.9 21 1.0
LOAD COMB 1222 0.9DL + 1.0EQ2
1 0.9 2 0.9 22 1.0
LOAD COMB 1321 0.9DL - 1.0EQ1
1 0.9 2 0.9 21 -1.0
LOAD COMB 1322 0.9DL - 1.0EQ2
1 0.9 2 0.9 22 -1.0
LOAD COMB 1041 1.2DL + 1.2LL + 1.2CL1
1 1.2 2 1.2 3 1.2 31 1.2
LOAD COMB 1042 1.2DL + 1.2LL + 1.2CL2
1 1.2 2 1.2 3 1.2 32 1.2
LOAD COMB 1043 1.2DL + 1.2LL + 1.2CL3
1 1.2 2 1.2 3 1.2 33 1.2
LOAD COMB 1051 1.2DL + 1.2WL1 + 1.2CL2
1 1.2 2 1.2 11 1.2 32 1.2
LOAD COMB 1052 1.2DL + 1.2WL1 + 1.2CL3
1 1.2 2 1.2 11 1.2 33 1.2
LOAD COMB 1053 1.2DL + 1.2WL2 + 1.2CL2
1 1.2 2 1.2 12 1.2 32 1.2
LOAD COMB 1054 1.2DL + 1.2WL2 + 1.2CL3
1 1.2 2 1.2 12 1.2 33 1.2
LOAD COMB 1055 1.2DL + 1.2WL3 + 1.2CL1
1 1.2 2 1.2 13 1.2 31 1.2
LOAD COMB 1056 1.2DL + 1.2WL3 + 1.2CL2
1 1.2 2 1.2 13 1.2 32 1.2
LOAD COMB 1057 1.2DL + 1.2WL3 + 1.2CL3
1 1.2 2 1.2 13 1.2 33 1.2
*SLS
LOAD COMB 2001 1.0DL + 1.0LL
1 1.0 2 1.0 3 1.0
LOAD COMB 2002 1.0DL + 0.5LL
1 1.0 2 1.0 3 0.5
LOAD COMB 2011 DL + LL + WL1
1 1.0 2 1.0 3 1.0 11 1.0
LOAD COMB 2012 DL + LL + WL2
1 1.0 2 1.0 3 1.0 12 1.0
LOAD COMB 2013 DL + LL + WL3
1 1.0 2 1.0 3 1.0 13 1.0
LOAD COMB 2014 DL + LL + WL4
1 1.0 2 1.0 3 1.0 14 1.0
LOAD COMB 2015 DL + LL + WL5
1 1.0 2 1.0 3 1.0 15 1.0
LOAD COMB 2016 DL + LL + WL6
1 1.0 2 1.0 3 1.0 16 1.0
LOAD COMB 2041 DL + LL + CL1
1 1.0 2 1.0 3 1.0 31 1.0
LOAD COMB 2042 DL + LL + CL2
1 1.0 2 1.0 3 1.0 32 1.0
LOAD COMB 2043 DL + LL + CL3
1 1.0 2 1.0 3 1.0 33 1.0
LOAD COMB 2051 DL + WL1 + CL2
1 1.0 2 1.0 11 1.0 32 1.0
LOAD COMB 2052 DL + WL1 + CL3
1 1.0 2 1.0 11 1.0 33 1.0
LOAD COMB 2053 DL + WL2 + CL2
1 1.0 2 1.0 12 1.0 32 1.0
LOAD COMB 2054 DL + WL2 + CL3
1 1.0 2 1.0 12 1.0 33 1.0
LOAD COMB 2055 DL + WL3 + CL1
1 1.0 2 1.0 13 1.0 31 1.0
LOAD COMB 2056 DL + WL3 + CL2
1 1.0 2 1.0 13 1.0 32 1.0
LOAD COMB 2057 DL + WL3 + CL3
1 1.0 2 1.0 13 1.0 33 1.0

PERFORM ANALYSIS
LOAD LIST 2001 2002 2011 TO 2016 2041 TO 2043 2051 TO 2057
PRINT JOINT DISPLACEMENTS ALL
LOAD LIST 1001 1011 TO 1016 1021 1022 1111 TO 1116 1121 1122
1211 TO 1216 1221 1222 1321 1322 1041 TO 1043 1051 TO 1057
PRINT SUPPORT REACTION ALL
PRINT FORCE ENVELOPE NSECTION 5 ALL
PARAMETER 1
CODE BS5950
PY 345000 ALL
CHECK CODE ALL
LOAD LIST 1001 1021 1114 1121
SECTION 0.0 0.4 0.5 0.6 1.0
PRINT SECTION FORCES LIST 2017 2148 2762 4704 4005 4013 4018
PRINT MEMBER FORCES LIST 2017 2148 2762 4704 4005 4013 4018
LOAD LIST 1001 1011 TO 1016 1021 1022 1111 TO 1116 1121 1122
1211 TO 1216 1221 1222 1321 1322 1041 TO 1043 1051 TO 1057
PRINT MEMBER FORCES LIST
1436 1437 1438 1439 1446 1447 1448 1449
1536 1537 1538 1539 1546 1547 1548 1549
1801 TO 1810
1816 1817 1818 1819 1826 1827 1828 1829
1836 1837 1838 1839 1846 1847 1848 1849
1855 TO 1864
1901 TO 1910
1916 1917 1918 1919 1926 1927 1928 1929
1936 1937 1938 1939 1946 1947 1948 1949
1955 TO 1964
3116 3117 3118 3119 3126 3127 3128 3129
3136 3137 3138 3139 3146 3147 3148 3149
3216 3217 3218 3219 3226 3227 3228 3229
3236 3237 3238 3239 3246 3247 3248 3249
FINISH