STAAD PLANE DXE IMPORT OF 2F6K.DXF
START JOB INFORMATION
JOB NAME 2F 6K X 28K
JOB CLIENT ACL
ENGINEER NAME RCZ
APPROVED NAME LCK
ENGINEER DATE 28-MAY-07
END JOB INFORMATION
INPUT WIDTH 79
UNIT MMS KN
JOINT COORDINATES
1 473.35 71.4294 0 2 473.35 2610.43 0 3 473.35 3210.43 0; 4 473.35 5822.43 0
5 11393.4 71.4294 0; 6 11393.4 2760.43 0 7 11393.4 3210.43 0
8 11393.4 5822.43 0 10 5933 2760.43 0; 11 5933.35 3210.43 0
12 1383.35 6032.52 0; 13 2293.35 6242.61 0; 14 3203.35 6452.7 0
15 4113.35 6662.79 0; 16 5023.35 6872.88 0 17 5933.35 7082.97 0
18 6843.35 6872.88 0 19 7753.35 6662.79 0; 20 8663.35 6452.7 0
21 9573.35 6242.61 0 22 10483.4 6032.52 0; 23 1383.35 5822.43 0
24 2293.35 5822.43 0; 25 3203.35 5822.43 0 26 4113.35 5822.43 0
27 5023.35 5822.43 0 28 5933.35 5822.43 0 29 6843.35 5822.43 0
30 7753.35 5822.43 0; 31 8663.35 5822.43 0 32 9573.35 5822.43 0
33 10483.4 5822.43 0 68 5933.35 71 0 71 473.35 5475.43 0
77 973.35 3210.43 0; 78 5433.35 3210.43 0 79 6433.35 3210.43 0
80 473.35 2760.43 0 81 928.35 5822.43 0 82 11393.4 5480.43 0
83 10893.3 3210.43 0; 84 3933.35 3210.43 0 85 7933.35 3210.43 0
MEMBER INCIDENCES
1 1 2 2 2 80; 3 3 71; 4 4 5; 5 5 6; 6 6 7; 7 7 8; 8 8 22; 9 4 12; 10 12 13; 11 13 14
12 14 15; 13 15 16; 14 16 17; 15 17 18; 16 18 19; 17 19 20; 18 20 21; 19 21 22
20 22 8; 21 4 21; 22 23 24; 23 24 25; 24 25 26; 25 26 27; 26 27 28; 27 28 29
28 29 30; 29 30 31; 30 31 32; 31 32 33; 32 33 8; 33 17 28; 34 23 12; 35 12 24
36 24 13; 37 13 25; 38 25 14; 39 14 26; 40 26 15; 41 15 27; 42 27 16; 43 16 28
44 28 18; 45 18 29; 46 29 19; 47 19 30; 48 30 20; 49 20 31; 50 31 21; 51 21 32
52 32 22; 53 22 33; 54 3 77; 72 11 79; 129 68 10; 130 10 11; 133 71 4
144 77 84; 145 78 11; 146 79 85; 147 80 3; 148 80 77; 151 81 23; 152 71 23
153 10 78; 154 10 79; 155 11 28; 156 82 8; 157 83 7; 158 82 33; 159 6 83
160 84 78; 161 85 83
DEFINE MATERIAL START
ISOTROPIC STEEL
E 205
POISSON 0.3
DENSITY 7.68195E-008
ALPHA 1.2E-005
DAMP 0.03
END DEFINE MATERIAL
START USER TABLE
TABLE 1
UNIT MMS KN
GENERAL
C39X38
252 38 2.3 38 2.3 32072 62913 100000 1557 3311 87 175 1557 3311 100000 38
TABLE 2
UNIT MMS KN
GENERAL
2C75X45
1098 75 6 90 3 938192 638334 100000 26218 14185 450 270 26218 14185 100000 75
TABLE 3
UNIT MMS KN
GENERAL
C100X50
653 50 3 100 3 229000 990000 1E+006 7270 1980 300 343 12600 23600 1E+006 48
TABLE 4
UNIT MMS KN
GENERAL
C75X45
518 45 3 75 3 138000 449000 100000 4940 12000 270 315 4940 12000 100000 40
TABLE 5
UNIT MMS KN
TUBE
SHS75X3-CF
241 75 75 3 716000 716000 1.158E+006 450 300
TABLE 6
UNIT MMS KN
TUBE
SHS38X3-CF
397 38 38 3 78500 78500 133000 228 152
TABLE 7
UNIT MMS KN
TUBE
SHS50X3-CF
541 50 50 3 195000 195000 321000 300 200
TABLE 8
UNIT MMS KN
ANGLE
UA36X38X3
38 38 3 14.5 114 114
TABLE 9
UNIT MMS KN
GENERAL
2C300X98X3.0
3258 300 6 196 3 4.416E+007 6.5986E+006 100000 294408 68736 2136 1800 9.29441E+006 68736 100000 300
TABLE 10
UNIT MMS KN
TUBE
SHS150X4.5CF
2570 150 150 4.5 8.96E+006 8.96E+006 1.411E+007 1350 900
TABLE 16
UNIT MMS KN
TUBE
SHS75X6-CF
1560 75 75 6 1.2E+006 1.2E+006 1.97105E+006 900 600
TABLE 17
UNIT MMS KN
TUBE
SHS75X4.5-CF
970 75 75 4.5 986000 986000 1.638E+006 675 450
END
COLD-FORMED SECTIONS
UNIT METER KN
MEMBER PROPERTY BRITISH
1 TO 6 133 147 156 UPTABLE 2 2C75X45
54 72 144 TO 146 157 160 161 UPTABLE 9 2C300X98X3.0
148 153 154 158 159 UPTABLE 7 SHS50X3-CF
MEMBER PROPERTY BRITISH
9 TO 33 151 UPTABLE 4 C75X45
MEMBER PROPERTY BRITISH
129 130 155 UPTABLE 10 SHS150X4.5CF
34 TO 53 152 UPTABLE 6 SHS38X3-CF
MEMBER TRUSS
33 TO 53
CONSTANTS
MATERIAL STEEL ALL
SUPPORTS
1 5 68 PINNED
MEMBER RELEASE
9 21 54 72 START MX MY MZ
20 32 145 157 END MX MY MZ
LOAD 1 S/W
SELFWEIGHT Y -1
LOAD 2 DL
MEMBER LOAD
9 TO 20 UNI GY -1.27
54 72 144 TO 146 157 160 161 UNI GY -0.76
JOINT LOAD
11 FY -10
11 FY 10
28 FY -13.86
LOAD 3 LL
MEMBER LOAD
9 TO 20 UNI GY -1.82
54 144 157 161 UNI GY -4.55
JOINT LOAD
11 FX -35.9
11 FX -58.4
28 FY -14.4
MEMBER LOAD
72 145 146 160 UNI GY -9.1
LOAD 4 WL
MEMBER LOAD
9 TO 20 UNI GY 1
JOINT LOAD
28 EY 5.1
LOAD COMB 6 ULTIMATE S/W+DL+LL
1 1.4 2 1.4 3 1.6
LOAD COMB 7 ULTIMATE DL+WL
1 1.0 2 1.0 4 1.4
LOAD COMB 9 SERVICE DL+LL FOR DEFLECTION
2 1.0 3 1.0
LOAD COMB 10 SERVICE S/W+DL+LL FOR FOUNDATION DESIGN
1 1.0 2 1.0 3 1.0
PERFORM ANALYSIS
PARAMETER 1
CODE BS5950
UNL 1 MEMB 144 146 157 160 161
CHECK CODE ALL