STAAD PLANE DXF IMPORT OF 2F7.5K.DXF
START JOB INFORMATION
JOB NAME 2F 7.5K X 22K - DOC. ROOM
JOB CLIENT ACL
ENGINEER NAME RCZ
APPROVED NAME LCK
ENGINEER DATE 15-JUN-09
END JOB INFORMATION
INPUT WIDTH 79
UNIT MMS KN

JOINT COORDINATES
1 0.420791 0.228998 0
2 0.420791 3200.23 0
3 0.420791 6100.23 0
4 13650.4 0.228998 0
5 13650.4 3200.23 0
6 13650.4 6100.23 0
7 7280.42 0.228998 0
8 7280.42 3200.23 0
9 7280.42 6100.23 0
10 455.421 6205.27 0
11 1365.42 6415.36 0
12 2275.42 6625.45 0
13 3185.42 6835.54 0
14 4095.42 7045.63 0
15 5005.42 7255.72 0
16 5915.42 7465.81 0
17 6825.42 7675.9 0
18 7280.42 7570.86 0
19 8190.42 7360.77 0
20 9100.42 7150.68 0
21 10010.4 6940.59 0
22 10920.4 6730.5 0
23 11830.4 6520.41 0
24 12740.4 6310.32 0
25 455.421 6100.23 0
26 1365.42 6100.23 0
27 2275.42 6100.23 0
28 3185.42 6100.23 0
29 4095.42 6100.23 0
30 5005.42 6100.23 0
31 5915.42 6100.23 0
32 6825.42 6100.23 0
33 8190.42 6100.23 0
34 9100.42 6100.23 0
35 10010.4 6100.23 0
36 10920.4 6100.23 0
37 11830.4 6100.23 0
38 12740.4 6100.23 0
39 0.420791 2750.23 0
40 0.420791 5750.23 0
41 13650.4 2750.23 0
42 13650.4 5750.23 0
43 7280.42 2750.23 0
44 500.421 3200.23 0
45 6780.42 3200.23 0
46 7780.42 3200.23 0
47 13150.4 3200.23 0

MEMBER INCIDENCES
1 1 39
2 2 40
3 4 41
4 5 42
5 7 43
6 6 9
7 3 10
8 10 11
9 11 12
10 12 13 11 13 14 12 14 15 13 15 16 14 16 17 15 17 18 16 18 19 17 19 20
18 20 21 19 21 22 20 22 23 21 23 24 22 24 6 23 3 25 24 25 26 25 26 27
26 27 28 27 28 29 28 29 30 29 30 31 30 31 32 31 32 9 32 9 33 33 33 34
34 34 35 35 35 36 36 36 37 37 37 38 38 38 6 39 17 32 40 25 10 41 10 26
42 26 11 43 11 27 44 27 12 45 12 28 46 28 13 47 13 29 48 29 14 49 14 30
50 30 15 51 15 31 52 31 16 53 16 32 54 32 18 55 18 9 56 9 19 57 19 33
58 33 20 59 20 34 60 34 21 61 21 35 62 35 22 63 22 36 64 36 23 65 23 37
66 37 24 67 24 38 68 2 44 69 8 46 70 39 2 71 40 3 72 41 5 73 42 6
74 43 8 75 44 45 76 45 8 77 46 47 78 47 5 79 39 44 80 43 45 81 43 46
82 41 47 83 40 25 84 42 38

DEFINE MATERIAL START
ISOTROPIC STEEL
E 205
POISSON 0.3
DENSITY 7.681952E-008
ALPHA 6.50E-006
DAMP 0.03
END DEFINE MATERIAL
CONSTANTS
MATERIAL STEEL ALL
START USER TABLE
TABLE 1
UNIT MMS KN
GENERAL
C38X38
252 38 2.3 38 2.3 38072 62913 100000 1557 3311 87 175 1557 3311 100000 38

TABLE 2
UNIT MMS KN
GENERAL
I075X45
1098 75 6 90 3 938192 638334 100000 26218 14185 5 450 270 26218 14185 100000 75

TABLE 3
UNIT MMS KN
GENERAL
C100X50
653 50 3 100 3 229000 990000 1E+006 7270 198 300 343 13 9800 11600 23600 1E+006 48

TABLE 4
UNIT MMS KN
GENERAL
C75X45
518 45 3 75 3 138000 449000 100000 4940 120000 270 70 315 4940 12000 100000 40

TABLE 5
UNIT MMS KN
TUBE
SHS100X3-CF
1140 100 100 3 1.77E+006 1.77E+006 2.79E+006 600 400

TABLE 6
UNIT MMS KN
TUBE
SHS100X4-CF
1490 100 100 4 2.26E+006 2.26E+006 3.62E+006 800 533

TABLE 7
UNIT MMS KN
TUBE
SHS100X6-CF
2160 100 100 6 3.11E+006 3.11E+006 5.14E+006 1200 800

TABLE 8
UNIT MMS KN
TUBE
SHS150X4.5CF
2570 150 150 4.5 8.96E+006 8.96E+006 1.411E+007 1350 900

TABLE 9
UNIT MMS KN
TUBE
SHS75X3-CF
841 75 75 3 716000 716000 1.15E+006 450 300

TABLE 10
UNIT MMS KN
TUBE
SHS50X3-CF
541 50 50 3 195000 195000 321000 300 200

TABLE 11
UNIT MMS KN
TUBE
SHS38X3-CF
397 38 38 3 78500 78500 133000 228 152

TABLE 12
UNIT MMS KN
GENERAL
2C300X92X3.0
3258 300 6 196 3 4.416E+007 6.5986E+006 100000 294408 68736 2136 1800 9.29441E+006 68736 100000 300

TABLE 13
UNIT MMS KN
TUBE
SHS125X4.5-CF
2120 125 125 4.5 5.06E+006 5.06E+006 8.04E+006 1125 750

TABLE 14
UNIT MMS KN
TUBE
RAS150X100X4.5-CF
2120 150 110 4.5 6.58E+006 3.52E+006 7.36E+006 900 900

TABLE 15
UNIT MMS KN
TUBE
SHS75X5-CF
1340 75 75 5 1.06E+006 1.06E+006 1.77E+006 750 500

TABLE 16
UNIT MMS KN
TUBE
SHS75X6-CF
1560 75 75 5 1.2E+006 1.2E+006 1.97105E+006 900 600

TABLE 17
UNIT MMS KN
TUBE
SHS75X4.5-CF
970 75 75 4.5 986000 986000 1.63E+006 675 450
END USER TABLE

MEMBER PROPERTY AMERICAN
2 TO 4 71 TO 73 UPTABLE 2 I075X45
5 6 74 UPTABLE 8 SHS150X4.5CF
68 69 75 TO 78 UPTABLE 12 2C300X92X3.0
7 TO 39 UPTABLE 4 C75X45
40 TO 67 UPTABLE 11 SHS38X3-CF
83 84 UPTABLE 10 SHS50X3-CF
UNIT METER KN
MEMBER PROPERTY AMERICAN
79 TO 82 UPTABLE 16 SHS75X6-CF
MEMBER PROPERTY AMERICAN
1 70 UPTABLE 17 SHS75X4.5-CF
UNIT MMS KN

SUPPORTS
1 4 7 PINNED
MEMBER TRUSS
39 TO 67

MEMBER RELEASE
7 23 68 69 START MX MY MZ
38 76 78 END MY MY MZ
79 82 START MP 0.95

UNIT METER KN
LOAD 1 S/W
SELFWEIGHT Y -1.

LOAD 2 DL
MEMBER LOAD
7 TO 22 UNI GY -1.27
68 69 75 TO 78 UNI GY -0.76
JOINT LOAD
8 FX -12.4
8 FY -4.52
9 FY -9.55

LOAD 3 LL
MEMBER LOAD
7 TO 22 UNI GY -1.82
69 77 78 UNI GY -4.55
JOINT LOAD
8 FY -58.96
8 FY -23.81
9 FX -8.75
MEMBER LOAD
68 75 76 UNI GY -9.1

LOAD 4 WL
MEMBER LOAD
7 TO 22 UNI GY 1
JOINT LOAD
9 FX 5

LOAD COMB 6 ULTIMATE S/W+DL+LL
1 1.4 2 1.4 3 1.6

LOAD COMB 7 ULTIMATE DL+WL
1 1.0 2 1.0 4 1.4

LOAD COMB 9 SERVICE DL+LL FOR DEFLECTION
2 1.0 3 1.0

LOAD COMB 10 SERVICE S/W+DL+LL FOR FOUNDATION DESIGN
1 1.0 2 1.0 3 1.0

PERFORM ANALYSIS