STAAD SPACE DXF IMPORT OF 20110905_PIPERACK3108.DXF 57. 1185 92 8.425 7.2; 1186 92 8.425 14.5; 1187 107.9 8.425 1.7
INPUT FILE: 20111201_PR101~118 PH1 RF_R2.STD 58. 1188 107.9 8.425 5.2; 1189 86.8 11.455 3.45
START JOB INFORMATION 59.
MEMBER INCIDENCES
ENGINEER DATE 05-SEP-11 60. 1004 5 9; 1005 6 10; 1011 16 20; 1012 17 21; 1018 27 31; 1019 28 32
END JOB INFORMATION 61. 1025 38 42; 1026 39 43; 1032 49 53; 1033 50 54; 1039 60 64; 1040 61 65
INPUT WIDTH 79 62. 1046 71 75; 1047 72 76; 1053 82 86; 1054 83 87; 1060 93 97; 1061 94 98
UNIT METER KN 63. 1067 104 108; 1068 105 109; 1074 115 119; 1075 116 120; 1081 126 130
JOINT COORDINATES 64. 1082 127 131; 1088 137 141; 1089 138 142; 1091 140 144; 1092 141 145
5 0 6 7.2; 6 0 6 14.5; 8 0 8.425 -0.3; 9 0 8.425 7.2; 10 0 8.425 14.5 65. 1093 142 146; 1098 151 156; 1099 152 157; 1101 155 1168; 1102 155 159
16 5 6 7.2; 17 5 6 14.5; 19 5 8.425 -0.3; 20 5 8.425 7.2; 21 5 8.425 14.5 66. 1103 156 160; 1104 157 161; 1110 169 172; 1111 170 173; 1113 172 175
27 11 6 7.2; 28 11 6 14.5; 30 11 8.425 -0.3; 31 11 8.425 7.2; 32 11 8.425 14.5 67. 1114 173 176; 1117 181 1170; 1118 181 183; 1119 182 184; 1123 188 191
38 17 6 7.2; 39 17 6 14.5; 41 17 8.425 -0.3; 42 17 8.425 7.2; 43 17 8.425 14.5 68. 1124 189 192; 1125 190 193; 1126 191 194; 1127 192 195; 1138 209 213
49 21 6 7.2; 50 21 6 14.5; 52 21 8.425 -0.3; 53 21 8.425 7.2; 54 21 8.425 14.5 69. 1139 211 214; 1140 212 215; 1141 213 216; 1142 214 217; 1150 234 1173
60 27 6 7.2; 61 27 6 14.5; 63 27 8.425 -0.3; 64 27 8.425 7.2; 65 27 8.425 14.5 70. 1151 232 235; 1152 233 236; 1153 234 237; 1154 235 238; 1155 236 239
71 33 6 7.2; 72 33 6 14.5; 74 33 8.425 -0.3; 75 33 8.425 7.2; 76 33 8.425 14.5 71. 2000 5 16; 2001 6 17; 2003 8 19; 2004 9 20; 2005 10 21; 2007 16 27; 2008 17 28
82 39 6 7.2; 83 39 6 14.5; 85 39 8.425 -0.3; 86 39 8.425 7.2; 87 39 8.425 14.5 72. 2010 19 30; 2011 20 31; 2012 21 32; 2014 27 38; 2015 28 39; 2017 30 41
93 45 6 7.2; 94 45 6 14.5; 96 45 8.425 -0.3; 97 45 8.425 7.2; 98 45 8.425 14.5 73. 2018 31 42; 2019 32 43; 2021 38 49; 2022 39 50; 2024 41 52; 2025 42 53
104 51 6 7.2; 105 51 6 14.5; 107 51 8.425 -0.3; 108 51 8.425 7.2 74. 2026 43 54; 2028 49 60; 2029 50 61; 2031 52 63; 2032 53 64; 2033 54 65
109 51 8.425 14.5; 115 57 6 7.2; 116 57 6 14.5; 118 57 8.425 -0.3 75. 2035 60 71; 2036 61 72; 2038 63 74; 2039 64 75; 2040 65 76; 2042 71 82
119 57 8.425 7.2; 120 57 8.425 14.5; 126 62.5 6 7.2; 127 62.5 6 14.5 76. 2043 72 83; 2045 74 85; 2046 75 86; 2047 76 87; 2049 82 93; 2050 83 94
129 62.5 8.425 -0.3; 130 62.5 8.425 7.2; 131 62.5 8.425 14.5; 137 68 6 7.2 77. 2052 85 96; 2053 86 97; 2054 87 98; 2056 93 104; 2057 94 105; 2059 96 107
138 68 6 14.5; 140 68 8.425 -0.3; 141 68 8.425 7.2; 142 68 8.425 14.5 78. 2060 97 108; 2061 98 109; 2063 104 115; 2064 105 116; 2066 107 118
144 68 11.455 -0.3; 145 68 11.455 7.2; 146 68 11.455 14.5; 151 72.8 6 7.2 79. 2067 108 119; 2068 109 120; 2070 115 126; 2071 116 127; 2073 118 129
152 72.8 6 14.5; 155 72.8 8.425 -0.3; 156 72.8 8.425 7.2; 157 72.8 8.425 14.5 80. 2074 119 130; 2075 120 131; 2077 137 126; 2078 138 127; 2080 140 129
159 72.8 11.455 -0.3; 160 72.8 11.455 7.2; 161 72.8 11.455 14.5; 169 78 6 7.2 81. 2081 141 130; 2082 142 131; 2084 137 151; 2085 138 152; 2087 140 155
170 78 6 14.5; 172 78 8.425 7.2; 173 78 8.425 14.5; 175 78 11.455 7.2 82. 2088 141 156; 2089 142 157; 2091 144 159; 2092 145 160; 2093 146 161
176 78 11.455 14.5; 181 81.4 8.425 -0.3; 182 81.4 8.425 7.2 83. 2094 155 181; 2095 159 183; 2096 169 151; 2097 170 152; 2099 172 156
183 81.4 11.455 -0.3; 184 81.4 11.455 7.2; 188 86.8 6 7.2; 189 86.8 6 14.5 84. 2100 173 157; 2102 175 160; 2103 176 161; 2107 172 182; 2108 175 184
190 86.8 8.425 -0.3; 191 86.8 8.425 7.2; 192 86.8 8.425 14.5 85. 2110 169 1180; 2111 170 189; 2112 173 192; 2113 176 195; 2114 181 190
193 86.8 11.455 -0.3; 194 86.8 11.455 7.2; 195 86.8 11.455 14.5 86. 2115 182 191; 2116 183 193; 2117 184 194; 2118 188 209; 2119 189 211
209 97.2 6 7.2; 211 97.2 6 14.5; 212 97.2 8.425 -0.3; 213 97.2 8.425 7.2 87. 2120 190 212; 2121 191 1185; 2122 192 1186; 2123 193 215; 2124 216 1176
214 97.2 8.425 14.5; 215 97.2 11.455 -0.3; 216 97.2 11.455 7.2 88. 2125 217 1177; 2132 209 232; 2133 211 233; 2134 213 1178; 2135 214 1179
217 97.2 11.455 14.5; 224 104.8 8.425 7.2; 225 104.8 8.425 14.5 89. 2136 216 1183; 2137 217 1184; 2138 212 234; 2139 215 237; 2144 224 235
226 104.8 11.455 7.2; 227 104.8 11.455 14.5; 232 107.9 6 7.2; 233 107.9 6 14.5 90. 2145 225 236; 2146 226 238; 2147 227 239; 3000 6 5; 3002 8 9; 3003 10 9
234 107.9 8.425 -0.3; 235 107.9 8.425 7.2; 236 107.9 8.425 14.5 91. 3005 17 16; 3007 19 20; 3008 21 20; 3010 28 27; 3012 30 31; 3013 32 31
237 107.9 11.455 -0.3; 238 107.9 11.455 7.2; 239 107.9 11.455 14.5 92. 3015 39 38; 3017 41 42; 3018 43 42; 3020 50 49; 3022 52 53; 3023 54 53
1077 0 2.2 -0.3; 1078 0 2.2 7.2; 1079 0 2.2 14.5; 1081 5 2.2 -0.3 93. 3025 61 60; 3027 63 64; 3028 65 64; 3030 72 71; 3032 74 75; 3033 76 75
1082 5 2.2 7.2; 1083 5 2.2 14.5; 1085 11 2.2 -0.3; 1086 11 2.2 7.2 94. 3035 83 82; 3037 85 86; 3038 87 86; 3040 94 93; 3042 96 97; 3043 98 97
1087 11 2.2 14.5; 1089 17 2.2 -0.3; 1090 17 2.2 7.2; 1091 17 2.2 14.5 95. 3045 105 104; 3047 107 108; 3048 109 108; 3050 116 115; 3052 118 119
1093 21 2.2 -0.3; 1094 21 2.2 7.2; 1095 21 2.2 14.5; 1097 27 2.2 -0.3 96. 3053 120 119; 3055 127 126; 3057 129 130; 3058 131 130; 3060 138 137
1098 27 2.2 7.2; 1099 27 2.2 14.5; 1101 33 2.2 -0.3; 1102 33 2.2 7.2
C:\YEAR 2011\JACKSON\20111130 Piperack 101~118\staad\20111201_PR101~118 PH1 RF_R2.anl Page 1 of 179 C:\YEAR 2011\JACKSON\20111130 Piperack 101~118\staad\20111201_PR101~118 PH1 RF_R2.anl Page 2 of 179
51
Friday, December 02, 2011, 02:51 PM Friday, December 02, 2011, 02:51 PM
3062 140 141; 3063 142 141; 3065 144 145; 3066 146 145; 3067 152 151 153. 1004 1005 1011 1012 1018 1019 1025 1026 1032 1033 1039 1040 1046 1047 1053 -
3069 155 156; 3070 157 156; 3072 159 1181; 3073 161 160; 3074 170 169 154. 1054 1060 1061 1067 1068 1074 1075 1081 1082 3099 TO 3101 3103 TO 3105 3107 -
3076 173 172; 3078 176 175; 3079 181 182; 3080 183 1182; 3081 189 188 155. 3108 TO 3109 3111 TO 3113 3115 TO 3117 3119 TO 3121 3123 TO 3125 3127 TO 3129 -
3082 190 191; 3083 192 191; 3084 193 1189; 3085 195 194; 3086 209 211 156. 3131 TO 3133 3135 TO 3137 3139 TO 3141 3143 TO 3145 3184 TO 3190 -
3088 212 213; 3089 214 213; 3090 215 216; 3091 217 216; 3092 225 224 157. 3197 TO 3199 3216 3218 TABLE ST H388X402X15
3093 227 226; 3094 233 232; 3095 234 1187; 3096 236 235; 3097 237 238 158. 1123 TO 1127 1138 TO 1142 1150 TO 1155 3161 TO 3163 3167 3168 3170 3174 3175 -
3098 239 238; 3099 1077 1157; 3100 1078 5; 3101 1079 6; 3103 1081 1158 159. 3204 TO 3206 TABLE ST H428X407X20
3104 1082 16; 3105 1083 17; 3107 1085 1159; 3108 1086 27; 3109 1087 28 160. 3065 3066 3072 3073 3078 3084 3085 3090 3091 3093 3097 3098 3321 -
3111 1089 1160; 3112 1090 38; 3113 1091 39; 3115 1093 1161; 3116 1094 49 161. 3342 TABLE ST H400X400X13
3117 1095 50; 3119 1097 1162; 3120 1098 60; 3121 1099 61; 3123 1101 1163 162. 2091 TO 2093 2095 2102 2103 2108 2113 2116 2117 2123 2139 3323 -
3124 1102 71; 3125 1103 72; 3127 1105 1174; 3128 1106 82; 3129 1107 83 163. 3343 TABLE ST H250X250X9
3131 1109 1175; 3132 1110 93; 3133 1111 94; 3135 1113 1164; 3136 1114 104 164. 3002 3003 3007 3008 3012 3013 3017 3018 3022 3023 3027 3028 3032 3033 3037 -
3137 1115 105; 3139 1117 1165; 3140 1118 115; 3141 1119 116; 3143 1121 1166 165. 3038 3042 3043 3047 3048 3052 3053 3057 3058 3062 3063 3069 3070 3076 3079 -
3144 1122 126; 3145 1123 127; 3147 1125 1167; 3148 1126 137; 3149 1127 138 166. 3082 3083 3088 3089 3092 3096 TABLE ST H400X400X13
3152 1130 151; 3153 1131 152; 3156 1134 169; 3157 1135 170; 3160 1138 1180 167. 2003 TO 2005 2010 TO 2012 2017 TO 2019 2024 TO 2026 2031 TO 2033 2038 TO 2040 -
3161 1139 1171; 3162 1140 188; 3163 1141 189; 3167 1145 1172; 3168 1146 209 168. 2045 TO 2047 2052 TO 2054 2059 TO 2061 2066 TO 2068 2073 TO 2075 -
3170 1148 211; 3174 1152 232; 3175 1153 233; 3184 1157 8; 3185 1158 19 169. 2080 TO 2082 2087 TO 2089 2094 2099 2100 2107 2112 2114 -
3186 1159 30; 3187 1160 41; 3188 1161 52; 3189 1162 63; 3190 1163 74 170. 2115 TABLE ST H250X250X9
3191 1157 1158; 3192 1158 1159; 3193 1159 1160; 3194 1160 1161; 3195 1161 1162 171. 2000 2001 2007 2008 2014 2015 2021 2022 2028 2029 2035 2036 2042 2043 2049 -
3196 1162 1163; 3197 1164 107; 3198 1165 118; 3199 1166 129; 3200 1167 140 172. 2050 2056 2057 2063 2064 2070 2071 2077 2078 2084 2085 2096 2097 2110 2111 -
3201 1168 1129; 3203 1170 1137; 3204 1171 190; 3205 1172 212; 3206 1173 1151 173. 3000 3005 3010 3015 3020 3025 3030 3035 3040 3055 3060 3067 3074 3081 3086 -
3207 1164 1165; 3208 1165 1166; 3209 1167 1166; 3210 1167 1168; 3211 1168 1170 174. 3191 TO 3196 3207 TO 3210 3217 3219 3220 3255 TABLE ST H250X250X9
3213 1170 1171; 3214 1171 1172; 3215 1172 1173; 3216 1174 85; 3217 1163 1174 175. 2121 2122 2124 2125 2136 2137 2146 2147 3095 3221 3222 3324 3325 3331 3332 -
3218 1175 96; 3219 1174 1175; 3220 1175 1164; 3221 1176 194; 3222 1177 195 176. 3338 3339 TABLE ST H428X407X20
3223 1176 1177; 3224 216 1177; 3225 1176 217; 3226 1176 195; 3227 194 1177 177. 3080 3322 TABLE ST H428X407X20
3228 1178 224; 3229 1179 225; 3230 1178 1179; 3231 224 1179; 3232 1178 225 178. 3224 TO 3227 3231 TO 3254 3257 TO 3304 3327 TO 3330 3334 TO 3337 3344 TO 3350 -
3233 1178 214; 3234 213 1179; 3235 232 1153; 3236 233 1152; 3237 188 1146 179. 3351 TABLE ST C150X75X6.5
3238 209 1140; 3239 232 1146; 3240 209 1152; 3241 16 1078; 3242 5 1082 180. 2120 2138 TABLE ST H400X400X13
3243 38 1086; 3244 27 1090; 3245 60 1094; 3246 49 1098; 3247 82 1102 181. 2118 2119 2132 2133 3045 3050 3094 3211 3213 TO 3215 TABLE ST H400X400X13
3248 71 1106; 3249 104 1110; 3250 93 1114; 3251 126 1118; 3252 115 1122 182. 3230 TABLE ST H250X250X9
3253 151 1126; 3254 137 1130; 3255 1180 188; 3256 1180 182; 3257 1180 1134 183. 3223 3326 3333 TABLE ST H250X250X9
3258 169 1138; 3259 6 1083; 3260 17 1079; 3261 233 1148; 3262 211 1153 184. 1088 1089 1091 TO 1093 1098 1099 1101 TO 1104 1110 1111 1113 1114 -
3263 211 1141; 3264 189 1148; 3265 28 1091; 3266 1087 39; 3267 50 1099 185. 1117 TO 1119 3147 TO 3149 3152 3153 3156 3157 3160 3200 3201 3203 -
3268 1095 61; 3269 1103 83; 3270 72 1107; 3271 1111 105; 3272 94 1115 186. 3256 TABLE ST H400X400X13
3273 1119 127; 3274 116 1123; 3275 1127 152; 3276 138 1131; 3277 1131 170 187. 2134 2135 2144 2145 3228 3229 TABLE ST H900X300X16
3278 152 1135; 3279 1157 1081; 3280 1158 1077; 3281 1160 1085; 3282 1159 1089 188. 3340 3341 TABLE ST H250X250X9
3283 1162 1093; 3284 1161 1097; 3285 1163 1105; 3286 1174 1101; 3287 1164 1109 189.
CONSTANTS
3288 1175 1113; 3289 1166 1117; 3290 1165 1121; 3291 1168 1125; 3292 1167 1129 190. BETA 90 MEMB 1004 1005 1011 1012 1018 1019 1025 1026 1032 1033 1039 1040 1046 -
3293 1171 1137; 3294 1170 1139; 3295 1173 1145; 3296 1172 1151; 3297 145 156 191. 1047 1053 1054 1060 1061 1067 1068 1074 1075 1081 1082 1088 1089 -
3298 141 160; 3299 172 184; 3300 182 175; 3301 137 156; 3302 151 141 192. 1091 TO 1093 1098 1099 1101 TO 1104 1110 1111 1113 1114 1117 TO 1119 1123 -
3303 169 182; 3304 1180 172; 3321 1181 160; 3322 1182 184; 3323 1181 1182 193. 1124 TO 1127 1138 1140 1141 1150 1153 3099 TO 3101 3103 TO 3105 3107 TO 3109 -
3324 1183 226; 3325 1184 227; 3326 1183 1184; 3327 226 1184; 3328 1183 227 194. 3111 TO 3113 3115 TO 3117 3119 TO 3121 3123 TO 3125 3127 TO 3129 -
3329 1183 217; 3330 1184 216; 3331 1185 213; 3332 1186 214; 3333 1185 1186 195. 3131 TO 3133 3135 TO 3137 3139 TO 3141 3143 TO 3145 3147 TO 3149 3152 3153 -
3334 191 1186; 3335 1185 192; 3336 213 1186; 3337 1185 214; 3338 1187 1188 196. 3156 3157 3160 TO 3163 3167 3168 3184 TO 3190 3197 TO 3201 3203 TO 3206 3216 -
3339 1188 235; 3340 1173 1187; 3341 1188 232; 3342 1189 194; 3343 1182 1189 197. 3218 3224 TO 3227 3231 TO 3234 3256 3327 TO 3330 3334 TO 3337 3344 TO 3347
3344 183 1189; 3345 1182 193; 3346 1182 194; 3347 184 1189; 3348 226 239 198. MATERIAL STEEL ALL
3349 238 227; 3350 224 236; 3351 235 225 199.
SUPPORTS
144.
DEFINE MATERIAL START 200. 1077 TO 1079 1081 TO 1083 1085 TO 1087 1089 TO 1091 1093 TO 1095 1097 TO 1099 -
ISOTROPIC STEEL 201. 1101 TO 1103 1105 TO 1107 1109 TO 1111 1113 TO 1115 1117 TO 1119 -
E 2.05E+008 202. 1121 TO 1123 1125 TO 1127 1129 TO 1131 1134 1135 1137 TO 1141 1145 1146 1148 -
POISSON 0.3 203. 1151 TO 1153 PINNED
DENSITY 76.8195 204. ****************************DEAD
LOAD******************************************
ALPHA 1.2E-005 205. MEMBER TENSION
DAMP 0.03 206. 3224 TO 3227
END DEFINE MATERIAL 207. MEMBER TENSION
MEMBER PROPERTY JAPANESE 208. 3224 TO 3227 3231 TO 3254 3257 TO 3304 3327 TO 3330 3334 TO 3337 3344 TO 3351
C:\YEAR 2011\JACKSON\20111130 Piperack 101~118\staad\20111201_PR101~118 PH1 RF_R2.anl Page 3 of 179 C:\YEAR 2011\JACKSON\20111130 Piperack 101~118\staad\20111201_PR101~118 PH1 RF_R2.anl Page 4 of 179
52
Friday, December 02, 2011, 02:51 PM Friday, December 02, 2011, 02:51 PM
MEMBER RELEASE 265. 3000 3005 3010 3015 3020 3025 3030 3035 3040 3045 3050 3055 UNI GY -9.41
2000 2007 2014 2021 2028 2035 2042 2049 2056 2063 2070 2077 2084 2096 2110 - 266. 3003 3008 3013 3018 3023 3028 3033 3038 3043 3048 3053 3058 UNI GY -29.54
3255 START MY MZ 267. 3002 3007 3012 3017 3022 3027 3032 3037 3042 3047 3052 3057 UNI GY -37.41
2000 2007 2014 2021 2028 2035 2042 2049 2056 2063 2070 2077 2084 2096 2110 - 268. 3060 3067 UNI GY -9.1
3255 END MY MZ 269. 3063 3070 UNI GY -16.48
2004 2011 2018 2025 2032 2039 2046 2053 2060 2067 2074 2081 2088 2099 2107 - 270. 3066 3073 UNI GY -29.54
2115 START MY MZ 271. 3062 3069 UNI GY -8.14
2004 2011 2018 2025 2032 2039 2046 2053 2060 2067 2074 2081 2088 2099 2107 - 272. 3065 3072 3321 UNI GY -37.41
2115 END MY MZ 273. 3074 3081 3086 3094 UNI GY -16.67
2001 2008 2015 2022 2029 2036 2043 2050 2057 2064 2071 2078 2085 2097 - 274. 3076 3083 3089 3092 3096 UNI GY -30.72
2111 START MY MZ 275. 3078 3085 3091 3093 3098 UNI GY -54.17
2001 2008 2015 2022 2029 2036 2043 2050 2057 2064 2071 2078 2085 2097 - 276. 3079 3082 3088 UNI GY -86.36
2111 END MY MZ 277. 3095 3338 3339 UNI GY -179.36
2005 2012 2019 2026 2033 2040 2047 2054 2061 2068 2075 2082 2089 2100 - 278. 3080 3084 3090 3097 3322 3342 UNI GY -68.59
2112 START MY MZ 279. 2121 2122 3331 3332 UNI GY -56.31
2005 2012 2019 2026 2033 2040 2047 2054 2061 2068 2075 2082 2089 2100 - 280. 2124 2125 3221 3222 UNI GY -40.56
2112 END MY MZ 281. 2134 2135 2144 2145 3228 3229 UNI GY -87.81
2092 2093 2102 2103 2108 2113 2117 START MY MZ 282. 2136 2137 2146 2147 3324 3325 UNI GY -61.73
2092 2093 2102 2103 2108 2113 2117 END MY MZ 283. 2000 3191 CON GY -33.1 2.724
3191 TO 3196 3207 TO 3211 3213 3217 3219 3220 START MY MZ 284. 2007 3192 CON GY -33.1 0.924
3191 TO 3196 3207 TO 3211 3213 3217 3219 3220 END MY MZ 285. 2007 3192 CON GY -33.1 4.124
2003 2010 2017 2024 2031 2038 2045 2052 2059 2066 2073 2080 2087 2094 - 286. 2014 3193 CON GY -33.1 1.324
2114 START MY MZ 287. 2014 3193 CON GY -33.1 4.524
2003 2010 2017 2024 2031 2038 2045 2052 2059 2066 2073 2080 2087 2094 - 288. 2021 3194 CON GY -33.1 1.724
2114 END MY MZ 289. 2028 3195 CON GY -33.1 0.925
2091 2095 2116 START MY MZ 290. 3195 CON GY -33.1 4.123
2091 2095 2116 END MY MZ 291. 3196 CON GY -33.1 1.323
3323 START MY MZ 292. 3196 CON GY -33.1 4.523
3323 END MY MZ 293. 3207 CON GY -53.4 4.755
3092 3093 3230 3326 START MY MZ 294. 3208 CON GY -53.4 3.355
3092 3093 3230 3326 END MY MZ 295. 3209 CON GY -53.4 2.44
3223 3333 START MY MZ 296. 3213 CON GY -53.4 2.175
3223 3333 END MY MZ 297. 3214 CON GY -53.4 1.575
3340 3341 START MY MZ 298. 3214 CON GY -53.4 6.4
3340 3341 END MY MZ 299. 3210 CON GY -53.4 1.175
3343 START MY MZ 300. 3211 CON GY -53.4 1.175
3343 END MY MZ 301. 3211 CON GY -53.4 5.975
246.
LOAD 1
LOADTYPE NONE TITLE DL 302. 3215 CON GY -117.3 1.334
SELFWEIGHT Y -1 LIST 1004 1005 1011 1012 1018 1019 1025 1026 1032 1033 1039 - 303. 3215 CON GY -117.3 7.235
1040 1046 1047 1053 1054 1060 1061 1067 1068 1074 1075 1081 1082 1088 1089 - 304. ****************************FRICTION
LOAD**************************************
1091 TO 1093 1098 1099 1101 TO 1104 1110 1111 1113 1114 1117 TO 1119 1123 - 305.
LOAD 2
LOADTYPE NONE TITLE FL
1124 TO 1127 1138 TO 1142 1150 TO 1155 2000 2001 2003 TO 2005 2007 2008 2010 - 306. MEMBER
LOAD
2011 TO 2012 2014 2015 2017 TO 2019 2021 2022 2024 TO 2026 2028 2029 2031 - 307. 3000 3005 3010 3015 3020 3025 3030 3035 3040 3045 3050 3055 UNI GX -1.46
2032 TO 2033 2035 2036 2038 TO 2040 2042 2043 2045 TO 2047 2049 2050 2052 - 308. 3003 3008 3013 3018 3023 3028 3033 3038 3043 3048 3053 3058 UNI GX -2.95
2053 TO 2054 2056 2057 2059 TO 2061 2063 2064 2066 TO 2068 2070 2071 2073 - 309. 3002 3007 3012 3017 3022 3027 3032 3037 3042 3047 3052 3057 UNI GX -3.74
2074 TO 2075 2077 2078 2080 TO 2082 2084 2085 2087 TO 2089 2091 TO 2097 2099 - 310. 3060 3067 UNI GX -1.46
2100 2102 2103 2107 2108 2110 TO 2125 2132 TO 2139 2144 TO 2147 3000 3002 - 311. 3063 3070 UNI GX -4.94
3003 3005 3007 3008 3010 3012 3013 3015 3017 3018 3020 3022 3023 3025 3027 - 312. 3066 3073 UNI GX -2.95
3028 3030 3032 3033 3035 3037 3038 3040 3042 3043 3045 3047 3048 3050 3052 - 313. 3062 3069 UNI GX -2.44
3053 3055 3057 3058 3060 3062 3063 3065 TO 3067 3069 3070 3072 TO 3074 3076 - 314. 3065 3072 3321 UNI GX -3.74
3078 TO 3086 3088 TO 3101 3103 TO 3105 3107 TO 3109 3111 TO 3113 - 315. 3074 3081 3086 3094 UNI GX -2.67
3115 TO 3117 3119 TO 3121 3123 TO 3125 3127 TO 3129 3131 TO 3133 - 316. 3078 3085 3091 3093 3098 UNI GX -5.42
3135 TO 3137 3139 TO 3141 3143 TO 3145 3147 TO 3149 3152 3153 3156 3157 3160 - 317. 3079 3082 3088 UNI GX -8.64
3161 TO 3163 3167 3168 3170 3174 3175 3184 TO 3201 3203 TO 3211 3213 TO 3304 - 318. 3095 3338 3339 UNI GX -26.9
3321 TO 3351 319. 3080 3084 3090 3097 3322 3342 UNI GX -6.86
MEMBER
LOAD 320. 2121 2122 3331 3332 UNI GX -5.63
C:\YEAR 2011\JACKSON\20111130 Piperack 101~118\staad\20111201_PR101~118 PH1 RF_R2.anl Page 5 of 179 C:\YEAR 2011\JACKSON\20111130 Piperack 101~118\staad\20111201_PR101~118 PH1 RF_R2.anl Page 6 of 179
53
Friday, December 02, 2011, 02:51 PM Friday, December 02, 2011, 02:51 PM
2124 2125 3221 3222 UNI GX -4.06 377. 3108 TO 3109 3111 TO 3113 3115 TO 3117 3119 TO 3121 3123 TO 3125 3127 TO 3129 -
2134 2135 2144 2145 3228 3229 UNI GZ -8.78 378. 3131 TO 3133 3135 TO 3137 3139 TO 3141 3143 TO 3145 3147 TO 3149 3152 3153 -
2136 2137 2146 2147 3324 3325 UNI GZ -3.67 379. 3156 3157 3160 TO 3163 3167 3168 3170 3174 3175 3184 TO 3201 3203 TO 3211 -
2000 3191 CON GZ -9.93 2.724 380. 3213 TO 3222 3228 3229 3255 3256 3324 3325 3331 3332 UNI GZ -0.36
2007 3192 CON GZ -9.93 0.924 381. 3237 TO 3254 3257 TO 3304 UNI GZ -0.13
2007 3192 CON GZ -9.93 4.124 382. ****************************NOTIONAL
LOAD X DIR********************************
2014 3193 CON GZ -9.93 1.324 383.
LOAD 5
LOADTYPE NONE TITLE NLX
2014 3193 CON GZ -9.93 4.524 384. SELFWEIGHT X 0.015 LIST 1004 1005 1011 1012 1018 1019 1025 1026 1032 1033 -
2021 3194 CON GZ -9.93 1.724 385. 1039 1040 1046 1047 1053 1054 1060 1061 1067 1068 1074 1075 1081 1082 1088 -
2028 3195 CON GZ -9.93 0.925 386. 1089 1091 TO 1093 1098 1099 1101 TO 1104 1110 1111 1113 1114 1117 TO 1119 -
3195 CON GZ -9.93 4.123 387. 1123 TO 1127 1138 TO 1142 1150 TO 1155 2000 2001 2003 TO 2005 2007 2008 2010 -
3196 CON GZ -9.93 1.323 388. 2011 TO 2012 2014 2015 2017 TO 2019 2021 2022 2024 TO 2026 2028 2029 2031 -
3196 CON GZ -9.93 4.523 389. 2032 TO 2033 2035 2036 2038 TO 2040 2042 2043 2045 TO 2047 2049 2050 2052 -
3207 CON GZ -16.02 4.755 390. 2053 TO 2054 2056 2057 2059 TO 2061 2063 2064 2066 TO 2068 2070 2071 2073 -
3208 CON GZ -16.02 3.355 391. 2074 TO 2075 2077 2078 2080 TO 2082 2084 2085 2087 TO 2089 2091 TO 2097 2099 -
3209 CON GZ -16.02 2.44 392. 2100 2102 2103 2107 2108 2110 TO 2125 2132 TO 2139 2144 TO 2147 3000 3002 -
3213 CON GZ -16.02 2.175 393. 3003 3005 3007 3008 3010 3012 3013 3015 3017 3018 3020 3022 3023 3025 3027 -
3214 CON GZ -16.02 1.575 394. 3028 3030 3032 3033 3035 3037 3038 3040 3042 3043 3045 3047 3048 3050 3052 -
3214 CON GZ -16.02 6.4 395. 3053 3055 3057 3058 3060 3062 3063 3065 TO 3067 3069 3070 3072 TO 3074 3076 -
3210 CON GZ -16.02 1.175 396. 3078 TO 3086 3088 TO 3101 3103 TO 3105 3107 TO 3109 3111 TO 3113 -
3211 CON GZ -16.02 1.175 397. 3115 TO 3117 3119 TO 3121 3123 TO 3125 3127 TO 3129 3131 TO 3133 -
3211 CON GZ -16.02 5.975 398. 3135 TO 3137 3139 TO 3141 3143 TO 3145 3147 TO 3149 3152 3153 3156 3157 3160 -
3215 CON GZ -35.19 1.334 399. 3161 TO 3163 3167 3168 3170 3174 3175 3184 TO 3201 3203 TO 3211 3213 TO 3304 -
3215 CON GZ -35.19 7.235 400. 3321 TO 3351
3045 CON GX -23 401. MEMBER
LOAD
3048 3053 CON GX -122 402. 3000 3005 3010 3015 3020 3025 3030 3035 3040 3045 3050 3055 UNI GX -0.14
3057 CON GX -91.5 403. 3003 3008 3013 3018 3023 3028 3033 3038 3043 3048 3053 3058 UNI GX -0.44
3080 CON GX -271.5 3.74 404. 3002 3007 3012 3017 3022 3027 3032 3037 3042 3047 3052 3057 UNI GX -0.56
****************************WIND
LOAD X-DIR************************************ 405. 3060 3067 UNI GX -0.14
350.
LOAD 3
LOADTYPE NONE TITLE WLX 406. 3063 3070 UNI GX -0.25
MEMBER
LOAD 407. 3066 3073 UNI GX -0.44
1004 1005 1011 1012 1018 1019 1025 1026 1032 1033 1039 1040 1046 1047 1053 - 408. 3062 3069 UNI GX -0.122
1054 1060 1061 1067 1068 1074 1075 1081 1082 1088 1089 1091 TO 1093 1098 - 409. 3065 3072 3321 UNI GX -0.56
1099 1101 TO 1104 1110 1111 1113 1114 1117 TO 1119 1123 TO 1127 1138 TO 1142 - 410. 3074 3081 3086 3094 UNI GX -0.25
1150 TO 1155 3000 3002 3003 3005 3007 3008 3010 3012 3013 3015 3017 3018 - 411. 3076 3083 3089 3092 3096 UNI GX -0.46
3020 3022 3023 3025 3027 3028 3030 3032 3033 3035 3037 3038 3040 3042 3043 - 412. 3078 3085 3091 3093 3098 UNI GX -0.813
3045 3047 3048 3050 3052 3053 3055 3057 3058 3060 3062 3063 3065 TO 3067 - 413. 3079 3082 3088 UNI GX -1.3
3069 3070 3072 TO 3074 3076 3078 TO 3086 3088 TO 3101 3103 TO 3105 - 414. 3095 3338 3339 UNI GX -2.69
3107 TO 3109 3111 TO 3113 3115 TO 3117 3119 TO 3121 3123 TO 3125 - 415. 3080 3084 3090 3097 3322 3342 UNI GX -1.03
3127 TO 3129 3131 TO 3133 3135 TO 3137 3139 TO 3141 3143 TO 3145 - 416. 2121 2122 3331 3332 UNI GX -0.84
3147 TO 3149 3152 3153 3156 3157 3160 TO 3163 3167 3168 3170 3174 3175 3184 - 417. 2124 2125 3221 3222 UNI GX -0.61
3185 TO 3190 3197 TO 3201 3203 TO 3206 3216 3218 3256 3321 3322 3338 3339 - 418. 2134 2135 2144 2145 3228 3229 UNI GX -1.32
3342 UNI GX -0.36 419. 2136 2137 2146 2147 3324 3325 UNI GX -0.93
3235 3236 3340 3341 UNI GX -0.13 420. 2000 3191 CON GX -0.5 2.724
****************************WIND
LOAD Z-DIR************************************ 421. 2007 3192 CON GX -0.5 0.924
366.
LOAD 4
LOADTYPE NONE TITLE WLZ 422. 2007 3192 CON GX -0.5 4.124
MEMBER
LOAD 423. 2014 3193 CON GX -0.5 1.324
1004 1005 1011 1012 1018 1019 1025 1026 1032 1033 1039 1040 1046 1047 1053 - 424. 2014 3193 CON GX -0.5 4.524
1054 1060 1061 1067 1068 1074 1075 1081 1082 1088 1089 1091 TO 1093 1098 - 425. 2021 3194 CON GX -0.5 1.724
1099 1101 TO 1104 1110 1111 1113 1114 1117 TO 1119 1123 TO 1127 1138 TO 1142 - 426. 2028 3195 CON GX -0.5 0.925
1150 TO 1155 2000 2001 2003 TO 2005 2007 2008 2010 TO 2012 2014 2015 2017 - 427. 3195 CON GX -0.5 4.123
2018 TO 2019 2021 2022 2024 TO 2026 2028 2029 2031 TO 2033 2035 2036 2038 - 428. 3196 CON GX -0.5 1.323
2039 TO 2040 2042 2043 2045 TO 2047 2049 2050 2052 TO 2054 2056 2057 2059 - 429. 3196 CON GX -0.5 4.523
2060 TO 2061 2063 2064 2066 TO 2068 2070 2071 2073 TO 2075 2077 2078 2080 - 430. 3207 CON GX -0.8 4.755
2081 TO 2082 2084 2085 2087 TO 2089 2091 TO 2097 2099 2100 2102 2103 2107 - 431. 3208 CON GX -0.8 3.355
2108 2110 TO 2125 2132 TO 2139 2144 TO 2147 3099 TO 3101 3103 TO 3105 3107 - 432. 3209 CON GX -0.8 2.44
C:\YEAR 2011\JACKSON\20111130 Piperack 101~118\staad\20111201_PR101~118 PH1 RF_R2.anl Page 7 of 179 C:\YEAR 2011\JACKSON\20111130 Piperack 101~118\staad\20111201_PR101~118 PH1 RF_R2.anl Page 8 of 179
54
Friday, December 02, 2011, 02:51 PM Friday, December 02, 2011, 02:51 PM
3213 CON GX -0.8 2.175 489. 3207 CON GZ -0.8 4.755
3214 CON GX -0.8 1.575 490. 3208 CON GZ -0.8 3.355
3214 CON GX -0.8 6.4 491. 3209 CON GZ -0.8 2.44
3210 CON GX -0.8 1.175 492. 3213 CON GZ -0.8 2.175
3211 CON GX -0.8 1.175 493. 3214 CON GZ -0.8 1.575
3211 CON GX -0.8 5.975 494. 3214 CON GZ -0.8 6.4
3215 CON GX -1.76 1.334 495. 3210 CON GZ -0.8 1.175
3215 CON GX -1.76 7.235 496. 3211 CON GZ -0.8 1.175
****************************NOTIONAL
LOAD Z DIR******************************** 497. 3211 CON GZ -0.8 5.975
442.
LOAD 6
LOADTYPE NONE TITLE NLZ 498. 3215 CON GZ -1.76 1.334
SELFWEIGHT Z 0.015 LIST 1004 1005 1011 1012 1018 1019 1025 1026 1032 1033 - 499. 3215 CON GZ -1.76 7.235
1039 1040 1046 1047 1053 1054 1060 1061 1067 1068 1074 1075 1081 1082 1088 - 500. *************************SERVICE LIMIT STATE*************************
1089 1091 TO 1093 1098 1099 1101 TO 1104 1110 1111 1113 1114 1117 TO 1119 - 501.
LOAD COMB 7 1.0DL+1.0FL
1123 TO 1127 1138 TO 1142 1150 TO 1155 2000 2001 2003 TO 2005 2007 2008 2010 - 502. 1 1.0 2 1.0
2011 TO 2012 2014 2015 2017 TO 2019 2021 2022 2024 TO 2026 2028 2029 2031 - 503.
LOAD COMB 8 1.0DL+1.0FL+1.0WLX
2032 TO 2033 2035 2036 2038 TO 2040 2042 2043 2045 TO 2047 2049 2050 2052 - 504. 1 1.0 2 1.0 3 1.0
2053 TO 2054 2056 2057 2059 TO 2061 2063 2064 2066 TO 2068 2070 2071 2073 - 505.
LOAD COMB 9 1.0DL+1.0FL+1.0WLZ
2074 TO 2075 2077 2078 2080 TO 2082 2084 2085 2087 TO 2089 2091 TO 2097 2099 - 506. 1 1.0 2 1.0 4 1.0
2100 2102 2103 2107 2108 2110 TO 2125 2132 TO 2139 2144 TO 2147 3000 3002 - 507.
LOAD COMB 10 1.0DL+1.0FL+1.0NLX
3003 3005 3007 3008 3010 3012 3013 3015 3017 3018 3020 3022 3023 3025 3027 - 508. 1 1.0 2 1.0 5 1.0
3028 3030 3032 3033 3035 3037 3038 3040 3042 3043 3045 3047 3048 3050 3052 - 509.
LOAD COMB 11 1.0DL+1.0FL+1.0NLZ
3053 3055 3057 3058 3060 3062 3063 3065 TO 3067 3069 3070 3072 TO 3074 3076 - 510. 1 1.0 2 1.0 6 1.0
3078 TO 3086 3088 TO 3101 3103 TO 3105 3107 TO 3109 3111 TO 3113 - 511. *************************ULTIMATE LIMIT STATE*************************
3115 TO 3117 3119 TO 3121 3123 TO 3125 3127 TO 3129 3131 TO 3133 - 512.
LOAD COMB 12 1.0DL+1.4FL
3135 TO 3137 3139 TO 3141 3143 TO 3145 3147 TO 3149 3152 3153 3156 3157 3160 - 513. 1 1.0 2 1.4
3161 TO 3163 3167 3168 3170 3174 3175 3184 TO 3201 3203 TO 3211 3213 TO 3304 - 514.
LOAD COMB 13 1.4DL+1.4FL
3321 TO 3351 515. 1 1.4 2 1.4
MEMBER
LOAD 516.
LOAD COMB 14 1.0DL+1.4FL+1.4WLX
3000 3005 3010 3015 3020 3025 3030 3035 3040 3045 3050 3055 UNI GZ -0.14 517. 1 1.0 2 1.4 3 1.4
3003 3008 3013 3018 3023 3028 3033 3038 3043 3048 3053 3058 UNI GZ -0.44 518.
LOAD COMB 15 1.0DL+1.4FL+1.4WLZ
3002 3007 3012 3017 3022 3027 3032 3037 3042 3047 3052 3057 UNI GZ -0.56 519. 1 1.0 2 1.4 4 1.4
3060 3067 UNI GZ -0.14 520.
LOAD COMB 16 1.0DL+1.4FL+1.4NLX
3063 3070 UNI GZ -0.25 521. 1 1.0 2 1.4 5 1.4
3066 3073 UNI GZ -0.44 522.
LOAD COMB 17 1.0DL+1.4FL+1.4NLZ
3062 3069 UNI GZ -0.122 523. 1 1.0 2 1.4 6 1.4
3065 3072 3321 UNI GZ -0.56 524.
PERFORM ANALYSIS
3074 3081 3086 3094 UNI GZ -0.25
3076 3083 3089 3092 3096 UNI GZ -0.46
3078 3085 3091 3093 3098 UNI GZ -0.813
3079 3082 3088 UNI GZ -1.3 P R O B L E M S T A T I S T I C S
3095 3338 3339 UNI GZ -2.69 -----------------------------------
3080 3084 3090 3097 3322 3342 UNI GZ -1.03
2121 2122 3331 3332 UNI GZ -0.84 NUMBER OF JOINTS/MEMBER+ELEMENTS/
SUPPORTS = 201/ 434/ 55
2124 2125 3221 3222 UNI GZ -0.61
2134 2135 2144 2145 3228 3229 UNI GZ -1.32 SOLVER USED IS THE OUT-OF-CORE BASIC SOLVER
2136 2137 2146 2147 3324 3325 UNI GZ -0.93
2000 3191 CON GZ -0.5 2.724 ORIGINAL/FINAL BAND-WIDTH= 167/ 17/ 96 DOF
2007 3192 CON GZ -0.5 0.924 TOTAL PRIMARY
LOAD CASES = 6, TOTAL DEGREES OF FREEDOM = 1041
2007 3192 CON GZ -0.5 4.124 SIZE OF STIFFNESS MATRIX = 100 DOUBLE KILO-WORDS
2014 3193 CON GZ -0.5 1.324 REQRD/AVAIL. DISK SPACE = 13.8/ 41558.9 MB
2014 3193 CON GZ -0.5 4.524
2021 3194 CON GZ -0.5 1.724
2028 3195 CON GZ -0.5 0.925 **START ITERATION NO. 2
3195 CON GZ -0.5 4.123 **START ITERATION NO. 3
3196 CON GZ -0.5 1.323
3196 CON GZ -0.5 4.523
C:\YEAR 2011\JACKSON\20111130 Piperack 101~118\staad\20111201_PR101~118 PH1 RF_R2.anl Page 9 of 179 C:\YEAR 2011\JACKSON\20111130 Piperack 101~118\staad\20111201_PR101~118 PH1 RF_R2.anl Page 10 of 179
55
Friday, December 02, 2011, 02:51 PM Friday, December 02, 2011, 02:51 PM
**START ITERATION NO. 4
**START ITERATION NO. 5
**NOTE-Tension/Compression converged after 5 iterations, Case= 1 JOINT DISPLACEMENT (CM RADIANS) STRUCTURE TYPE = SPACE
------------------
JOINT
LOAD X-TRANS Y-TRANS Z-TRANS X-ROTAN Y-ROTAN Z-ROTAN
**START ITERATION NO. 2
**START ITERATION NO. 3
5 7 -0.2147 -0.0442 -0.0204 0.0000 -0.0030 0.0029
**NOTE-Tension/Compression converged after 3 iterations, Case= 2 8 -0.2378 -0.0451 -0.0204 0.0000 -0.0037 0.0032
9 -0.2119 -0.0444 -0.2472 -0.0004 -0.0030 0.0029
10 -0.2369 -0.0450 -0.0204 0.0000 -0.0032 0.0033
11 -0.2117 -0.0443 -0.1972 -0.0003 -0.0030 0.0029
**START ITERATION NO. 2 6 7 -0.1175 -0.0187 -0.0115 -0.0004 0.0033 0.0016
**START ITERATION NO. 3 8 -0.1350 -0.0194 -0.0115 -0.0004 0.0040 0.0018
9 -0.1214 -0.0184 -0.2377 -0.0008 0.0032 0.0017
**NOTE-Tension/Compression converged after 3 iterations, Case= 3 10 -0.1297 -0.0192 -0.0115 -0.0004 0.0035 0.0018
11 -0.1217 -0.0185 -0.1877 -0.0007 0.0032 0.0017
8 7 -0.8766 -0.0296 -0.1160 0.0017 -0.0017 0.0036
8 -0.9486 -0.0301 -0.1159 0.0017 -0.0019 0.0039
**START ITERATION NO. 2 9 -0.8632 -0.0300 -0.4022 0.0016 -0.0017 0.0035
**START ITERATION NO. 3 10 -0.9687 -0.0301 -0.1160 0.0017 -0.0019 0.0040
11 -0.8658 -0.0300 -0.3445 0.0016 -0.0017 0.0035
**NOTE-Tension/Compression converged after 3 iterations, Case= 4 9 7 -1.2992 -0.0640 -0.1178 -0.0005 0.0003 0.0052
8 -1.4135 -0.0648 -0.1178 -0.0005 0.0003 0.0056
9 -1.2866 -0.0641 -0.4039 -0.0006 0.0003 0.0051
10 -1.4451 -0.0648 -0.1179 -0.0005 0.0003 0.0058
**START ITERATION NO. 2 11 -1.2852 -0.0641 -0.3463 -0.0006 0.0003 0.0051
**START ITERATION NO. 3 10 7 -0.7092 -0.0252 -0.1227 -0.0009 0.0016 0.0028
8 -0.7811 -0.0259 -0.1227 -0.0009 0.0017 0.0031
**NOTE-Tension/Compression converged after 3 iterations, Case= 5 9 -0.7373 -0.0248 -0.4090 -0.0011 0.0015 0.0029
10 -0.7915 -0.0257 -0.1228 -0.0009 0.0018 0.0032
11 -0.7387 -0.0248 -0.3512 -0.0011 0.0015 0.0029
16 7 -0.2258 -0.0423 -0.4600 -0.0007 -0.0030 0.0029
**START ITERATION NO. 2 8 -0.2502 -0.0423 -0.4600 -0.0007 -0.0037 0.0032
**START ITERATION NO. 3 9 -0.2231 -0.0427 -0.8189 -0.0014 -0.0030 0.0029
10 -0.2494 -0.0423 -0.4600 -0.0007 -0.0032 0.0032
**NOTE-Tension/Compression converged after 3 iterations, Case= 6 11 -0.2229 -0.0426 -0.6550 -0.0011 -0.0030 0.0029
17 7 -0.1240 -0.0142 -0.4477 -0.0011 0.0033 0.0016
8 -0.1424 -0.0142 -0.4477 -0.0011 0.0040 0.0017
9 -0.1281 -0.0134 -0.8056 -0.0017 0.0032 0.0017
525.
LOAD LIST 7 TO 11 10 -0.1369 -0.0142 -0.4477 -0.0011 0.0035 0.0018
526.
PRINT JOINT DISPLACEMENTS ALL 11 -0.1285 -0.0137 -0.6420 -0.0014 0.0032 0.0017
19 7 -0.8780 -0.0308 -0.6680 0.0015 -0.0017 0.0036
8 -0.9500 -0.0308 -0.6680 0.0015 -0.0019 0.0038
9 -0.8645 -0.0316 -1.1227 0.0013 -0.0017 0.0035
10 -0.9701 -0.0308 -0.6680 0.0015 -0.0019 0.0039
11 -0.8672 -0.0313 -0.9194 0.0014 -0.0017 0.0035
20 7 -1.2987 -0.0623 -0.6690 -0.0006 0.0003 0.0051
8 -1.4126 -0.0623 -0.6690 -0.0006 0.0003 0.0055
9 -1.2860 -0.0626 -1.1235 -0.0007 0.0003 0.0051
10 -1.4443 -0.0623 -0.6690 -0.0006 0.0003 0.0057
11 -1.2846 -0.0625 -0.9204 -0.0007 0.0003 0.0051
21 7 -0.7104 -0.0205 -0.6739 -0.0012 0.0016 0.0028
8 -0.7823 -0.0205 -0.6739 -0.0012 0.0017 0.0030
9 -0.7387 -0.0195 -1.1287 -0.0014 0.0015 0.0029
C:\YEAR 2011\JACKSON\20111130 Piperack 101~118\staad\20111201_PR101~118 PH1 RF_R2.anl Page 11 of 179 C:\YEAR 2011\JACKSON\20111130 Piperack 101~118\staad\20111201_PR101~118 PH1 RF_R2.anl Page 12 of 179