STAAD SPACE RAFT
START JOB INFORMATION
ENGINEER DATE 03-MAR-12
END JOB INFORMATION
INPUT WIDTH 79
UNIT METER KN
JOINT COORDINATES
1 0 0 0; 2 9.2 0 0; 3 9.2 0 -7.8; 4 -2.4 0 -7.8; 5 -2.4 0 -1.5; 6 0 0 -1.5
7 0.3 0 0; 8 0 0 -0.3; 9 9.2 0 -0.3; 10 0.3 0 -0.3; 11 1.8 0 0; 12 4.1 0 0
13 6.5 0 0; 14 1.8 0 -0.3; 15 4.1 0 -0.3; 16 6.5 0 -0.3; 17 -2.4 0 -1.2
18 0 0 -1.2; 19 -2.1 0 -1.5; 20 -2.4 0 -3; 21 -2.4 0 -7.5; 22 -2.4 0 -4.5
23 -2.4 0 -6; 24 -2.1 0 -7.8; 25 -2.1 0 -3; 26 -2.1 0 -7.5; 27 -2.1 0 -4.5
28 -2.1 0 -6; 29 0.3 0 -1.5; 30 0.3 0 -7.8; 31 0.3 0 -3; 32 0.3 0 -7.5
33 0.3 0 -4.5; 34 0.3 0 -6; 35 1.8 0 -1.5; 36 1.8 0 -7.8; 37 1.8 0 -3
38 1.8 0 -7.5; 39 1.8 0 -4.5; 40 1.8 0 -6; 41 1.8 0 -5.4; 42 4.1 0 -1.5
43 4.1 0 -7.8; 44 4.1 0 -3; 45 4.1 0 -7.5; 46 4.1 0 -4.5; 47 4.1 0 -6
48 4.1 0 -5.4; 49 6.5 0 -1.5; 50 6.5 0 -7.8; 51 6.5 0 -3; 52 6.5 0 -7.5
53 6.5 0 -4.5; 54 6.5 0 -6; 55 6.5 0 -5.4; 56 8.9 0 -1.5; 57 8.9 0 -7.8
58 8.9 0 -3; 59 8.9 0 -7.5; 60 8.9 0 -4.5; 61 8.9 0 -6; 62 8.9 0 -5.4
63 1.05 0 0; 64 1.05 0 -0.3; 65 3.8 0 0; 66 2.8 0 0; 67 2.8 0 -0.3
68 3.8 0 -0.3; 69 6.1 0 0; 70 5.1 0 0; 71 5.1 0 -0.3; 72 6.1 0 -0.3
73 8.5 0 0; 74 7.5 0 0; 75 7.5 0 -0.3; 76 8.5 0 -0.3; 77 -2.1 0 -1.2
78 -0.7 0 -1.2; 79 -1.4 0 -1.2; 80 -0.7 0 -1.5; 81 -1.4 0 -1.5; 82 0.3 0 -1.2
83 -2.4 0 -2.25; 84 -2.1 0 -2.25; 85 0.3 0 -2.25; 86 -1.3 0 -3; 87 -0.5 0 -3
88 -1.3 0 -2.25; 89 -0.5 0 -2.25; 90 -2.4 0 -3.75; 91 -2.4 0 -5.25
92 -2.4 0 -6.75; 93 -2.1 0 -3.75; 94 0.3 0 -3.75; 95 -2.1 0 -5.25
96 0.3 0 -5.25; 97 -2.1 0 -6.75; 98 0.3 0 -6.75; 99 -1.3 0 -3.75
100 -0.5 0 -3.75; 101 -1.3 0 -4.5; 102 -0.5 0 -4.5; 103 -1.3 0 -5.25
104 -0.5 0 -5.25; 105 -1.3 0 -6; 106 -0.5 0 -6; 107 -1.3 0 -6.75
108 -0.5 0 -6.75; 109 -1.3 0 -7.5; 110 -0.5 0 -7.5; 111 -0.5 0 -7.8
112 -1.3 0 -7.8; 113 1.8 0 -0.9; 114 4.1 0 -0.9; 115 6.5 0 -0.9
116 9.2 0 -0.9; 117 8.9 0 -0.9; 118 1.05 0 -1.5; 119 1.05 0 -0.9
120 2.8 0 -0.9; 121 3.8 0 -0.9; 122 2.8 0 -1.5; 123 3.8 0 -1.5; 124 5.1 0 -0.9
125 5.1 0 -1.5; 126 6.1 0 -0.9; 127 6.1 0 -1.5; 128 7.5 0 -0.9; 129 7.5 0 -1.5
130 8.5 0 -0.9; 131 8.5 0 -1.5; 132 9.2 0 -1.5; 133 1.8 0 -2.25
134 4.1 0 -2.25; 135 6.5 0 -2.25; 136 8.9 0 -2.25; 137 2.8 0 -2.25
138 3.8 0 -2.25; 139 2.8 0 -3; 140 3.8 0 -3; 141 1.05 0 -2.25; 142 1.05 0 -3
143 1.05 0 -7.8; 144 1.05 0 -3.75; 145 1.05 0 -4.5; 146 1.05 0 -5.25
147 1.05 0 -6; 148 1.05 0 -6.75; 149 1.05 0 -7.5; 150 1.8 0 -3.75
151 1.8 0 -6.75; 152 2.8 0 -7.8; 153 3.8 0 -7.8; 154 2.8 0 -3.75
155 3.8 0 -2.75; 156 2.8 0 -4.5; 157 3.8 0 -4.5; 158 2.8 0 -5.4
159 3.8 0 -5.4; 160 2.8 0 -6; 161 3.8 0 -6; 162 2.8 0 -6.75; 163 3.8 0 -6.75
164 2.8 0 -7.5; 165 3.8 0 -7.5; 166 1.8 0 -4.5; 167 6.5 0 -3.75
168 5.1 0 -2.25; 169 5.1 0 -3; 170 6.1 0 -2.25; 171 6.1 0 -3; 172 5.1 0 -7.8
173 6.1 0 -7.8; 174 5.1 0 -3.75; 175 6.1 0 -3.75; 176 5.1 0 -4.5
177 6.1 0 -4.5; 178 5.1 0 -5.25; 179 6.1 0 -5.4; 180 5.1 0 -6; 181 6.1 0 -6
182 5.1 0 -6.75; 183 6.1 0 -6.75; 184 5.1 0 -7.5; 185 6.1 0 -7.5
186 6.5 0 -2.25; 187 8.9 0 -2.25; 188 7.5 0 -2.25; 189 7.5 0 -3
190 8.5 0 -2.25; 191 8.5 0 -3; 192 7.5 0 -7.8; 193 8.5 0 -7.8; 194 7.5 0 -3.75
195 8.5 0 -3.75; 196 7.5 0 -4.5; 197 8.5 0 -4.5; 198 7.5 0 -5.4
199 8.5 0 -5.4; 200 7.5 0 -6; 201 8.5 0 -6; 202 7.5 0 -6.75; 203 8.5 0 -6.75
204 7.5 0 -7.5; 205 8.5 0 -7.5; 206 9.2 0 -2.25; 207 9.2 0 -7.8
208 9.2 0 -2.25; 209 9.2 0 -3; 210 9.2 0 -3.75; 211 9.2 0 -4.5; 212 9.2 0 -5.4
213 9.2 0 -6; 214 9.2 0 -6.75; 215 9.2 0 -7.5; 216 8.9 0 -0.3; 217 8.9 0 0
MEMBER INCIDENCES
1 1 2; 2 2 3; 3 3 4; 4 4 5; 5 5 6; 6 6 1; 7 63 1; 8 8 10; 9 9 116; 10 11 63
11 12 70; 14 13 74; 21 18 82; 22 17 77; 26 22 83; 28 20 86; 29 22 88; 37 23 92
34 30 111; 46 36 143; 54 43 153; 62 50 173; 57 93 92; 77 63 11
112 65 12; 68 70 65; 69 66 120; 71 69 66; 75 80 117; 105 133 70; 106 137 73
115 78 79; 116 79 77; 126 82 29; 135 90 225; 136 91 23; 137 92 23; 184 111 112
185 113 114; 346 122 123; 360 132 127; 391 135 124; 455 138 121; 478 140 125
359 172 43; 393 173 172; 458 152 50; 460 193 182; 490 208 209; 495 209 210
454 216 211; 496 211 212; 498 212 213; 500 213 214; 502 214 215; 504 215 3
545 217 2

79 1 8 10 7
80 10 64 63
81 63 64 14
88 11 14 67
86 69 66 67 68 65
89 65 68 72
97 70 73 74
98 71 70 72
72 69
73 69 72 76 75
80 10
106 13 16 75
77 107 14 74
78 173 115 77
83 17 120 79
81 80 78
121 78 80 6 18
134 18 6 29 82
152 18 8 10
150 5 83 84 19
165 15 85 84
174 15 16 42 49
182 19 84 83
187 20 86 87 29
195 83 20 25 84
198 84 25 26 88
197 88 26 89
158 89 87 31 85
159 20 90 93 25
160 86 99 93
161 90 91 95 93
170 91 92 97 95
171 92 98 97
90 93
102 91 26 97
95 165 21 4 24 26
168 86 99 100 87
171 99 103 102 100
175 103 105 104 102
177 105 106 104
181 105 107 108 106
183 107 109 110 108
186 26 24 112 109
188 109 110 111 143
188 111 110 30 32
189 25 93 94 85
190 27 95 96 94
191 27 98 103 101
192 28 98 109 103
193 28 97 107 105
194 87 26 100 101
195 94 100 99 96
196 101 103 104 46
197 105 104 96 33
198 106 94 96 99
199 106 108 98 34
200 109 110 32 98
213 32 30 143 111
240 113 118 119 114
241 120 122 123 121
242 121 123 125 124
243 114 119 122 67
244 113 35 122 120
243 67 120 121 68
244 120 122 123 121
245 125 123 122 124
246 124 122 123 125
250 123 127 125 126
251 127 125 126 128
241 124 126 72
250 124 125 127 126
251 72 126 115 127
252 126 127 49 116
253 128 127 126 129
254 126 127 128 129
255 128 130 131 129
256 129 131 130
258 131 56 117 141
262 137 56 132 116
277 35 133 137 122
278 133 137 138 134
285 138 140 142 141
283 37 35 139 137
285 137 139 140 138
286 138 140 44 41
293 35 36 144 143
294 118 141 133 35
299 39 38 145 144
296 141 142 37 135
311 37 44 144 142
312 37 44 53 145 144
313 33 39 145 146
314 39 38 147 146
315 34 39 148 147
316 34 36 149 148
317 32 30 143 149
318 37 38 41 17
323 142 144 150 37
324 146 145 39 150
325 148 149 43 38
326 150 144 145 41
327 150 145 146 39
328 150 146 147 148
329 149 148 38 43
358 40 154 155 139
359 139 154 155 140
360 139 156 39 154
361 140 155 157 156
362 140 41 157 155
363 154 157 156 155
364 41 40 158 158
365 158 160 161 159
366 40 155 162 160
367 160 162 163 161
368 159 161 163 165
369 161 163 164 162
370 43 38 163 165
371 164 152 153 165
372 165 153 43 45
375 163 165 52 164
376 161 163 166 47
377 159 161 47 48
378 157 159 48 46
381 155 157 46 107
382 140 155 167 44
397 42 37 38 44
423 42 134 168 125
424 125 168 170 127
425 127 170 135 49
456 49 135 44 169 166
457 168 169 166 170
476 170 166 47 171
429 167 42 176 174
434 174 176 177 175
431 43 177 175 187 51
436 176 178 179 177
437 177 179 173 174
438 179 173 50 180
439 46 48 178 176
440 179 181 54 55
441 47 181 182 180
442 180 182 183 181
443 183 185 186 54
444 172 173 187 185
445 185 187 188 186
446 186 188 190 189
447 187 45 46 172
448 184 172 173 185
449 185 173 50 52
506 49 135 188 189
507 135 53 188 188
508 51 187 194 190
509 193 52 191 192
510 193 194 190 191
511 190 191 206 208
512 206 188 195 194
513 188 194 195 197
514 195 197 198 196
515 129 188 190 131
516 188 189 199 190
517 189 190 198 199
518 190 199 200 191
519 199 200 202 201
520 200 202 203 204
521 202 205 204 201
522 203 204 205 202
523 204 192 193 205
524 131 130 136 207
525 131 136 208 207
526 208 136 207 209
527 207 136 208 209
528 191 195 207 58
529 58 207 210 209
530 536 187 40 207
531 207 40 211 210
532 197 199 211 60
533 60 197 40 211
534 199 201 213 211
535 211 213 214 212
536 201 206 61
537 61 206 214 213
538 203 205 59 206
539 206 59 215 214
540 205 193 57 59
541 57 56 132 50
547 76 130 117 216
548 216 117 118 9
549 73 76 216 217
550 217 216 9 2
SUPPORTS
8 10 14 16 18 20 23 TO 34 36 38 40 43 44 50 51 54 58 63 65 TO 67 69 70 72 74 76 77 82 92 93 94 96 97 99 101 TO 103 105 107 109 111 113 115 117 119 TO 132 134 136 138 140 144 146 148 153 154 156 158 160 162 164 166 168 170 172 174 176 178 180 182 184 186 187 189 191 193 195 197 199 201 203 205 207 209 211 213 215 217 FIXED
1 2 TO 6 9 11 12 13 15 17 19 21 22 24 TO 29 31 TO 34 35 37 39 41 42 45 46 47 49 52 53 55 56 57 59 TO 62 64 68 71 73 75 78 TO 81 83 TO 91 95 98 100 104 106 108 110 112 114 116 118 123 125 127 129 133 135 137 139 141 142 143 145 147 149 TO 152 155 157 159 161 163 165 167 169 171 173 175 177 179 181 183 185 188 190 192 194 196 198 200 202 204 206 208 210 212 214 216 218 TO 225 SPRING FY KFY 2.55E+003
DEFINE MATERIAL START
ELASTIC MAT
1 2 DENSITY 0.17
2 0.0826E-044
END DEFINE MATERIAL

MEMBER PROPERTY AMERICAN
1 2 TO 6 8 TO 12 14 21 22 24 TO 27 29 34 36 44 62 68 70 77 82 83 92 93 100 101 TO 104 106 115 126 134 135 137 184 185 208 240 291 330 335 391 393 458 460 490 TO 492 494 496 498 500 502 504 545 PRIS YD 0.3 ZD 0.3

MATERIAL PROPERTIES
79 TO 81 88 TO 90 97 TO 99 106 107 113 TO 121 124 125 150 TO 345 358 171 174 TO 180 182 186 190 194 196 213 TO 215 218 TO 248 250 252 254 257 286 289 TO 296 293 TO 296 311 TO 318 323 TO 329 358 TO 372 375 TO 378 381 382 423 TO 449 506 TO 541 547 TO 550 THICKNESS 0.3

CONSTANTS
MATERIAL MEMB 1 TO 6 8 TO 12 14 21 22 24 TO 27 29 34 36 44 62 68 70 77 82 83 92 93 100 101 104 106 115 126 134 135 137 184 185 208 240 291 330 335 391 393 458 460 490 492 494 496 498 500 502 504 545 E 2.55E+003
78 80 81 84 86 88 89 91 94 95 98 102 103 105 107 109 TO 112 114 116 118 122 123 127 129 TO 133 136 138 TO 143 145 TO 149 151 TO 167 169 171 173 175 177 179 181 183 187 TO 207 209 210 212 214 216 217 241 TO 243 245 TO 251 253 255 256 258 262 277 278 285 286 293 294 296 299 311 TO 318 323 TO 329 358 TO 372 375 TO 378 381 382 397 423 TO 449 454 TO 457 459 460 461 476 478 491 493 495 497 499 501 503 506 TO 541 547 TO 550 E 0.0826E-044
1 TO 78 DAMPING RATIO 0.0
79 TO 550 ELASTIC MAT 2 DENSITY 0.17
1 TO 78 ELASTICITY E 2.55E+003
79 TO 550 ELASTIC MAT YONLY SUBGRADE 5000
1 TO 78 FYLD 413.78

LOAD 1 DEAD LOAD
SELFWEIGHT Y -1
JOINT LOAD
10 FY -1.73
14 FY -8.34
15 FY -9.36
16 FY -7.1
19 FY -2.77
29 FY -7.38
35 FY -24.95
37 FY -16.53
38 FY -17.3
39 FY -15.45
40 FY -12.19
41 FY -9.21
42 FY -33.04
44 FY -9.39
45 FY -29.29
46 FY -3.96
47 FY -7.06
48 FY -4.72
49 FY -32.42
51 FY -9.58
52 FY -29.52
53 FY -4.05
54 FY -7.21
55 FY -4.84
56 FY -21.98
58 FY -15.81
59 FY -16.28
60 FY -15.01
61 FY -11.7
62 FY -8.96

LOAD 2 LIVE LOAD
JOINT LOAD
10 FY -2.54
14 FY -10.3
15 FY -11.7
16 FY -8.54
19 FY -14.42
25 FY -15.8
26 FY -14.22
27 FY -15.38
28 FY -15.82
29 FY -21.6
31 FY -21.22
32 FY -21.71
33 FY -19.78
34 FY -21.36
35 FY -25.41
37 FY -28.35
38 FY -18.04
39 FY -23.4
40 FY -19.86
41 FY -18.75
42 FY -53.51
44 FY -38.97
45 FY -36.61
46 FY -39.75
47 FY -41.55
48 FY -39.3
49 FY -52.48
51 FY -40.52
52 FY -37.82
53 FY -42.4
54 FY -43.12
55 FY -40.63
56 FY -25.21
58 FY -38.99
59 FY -18.44
60 FY -29.84
61 FY -22.7
62 FY -21.38

LOAD COMB 3 1.4DL + 1.6LL
1.4 1 1.6 2
LOAD COMB 4 1.0DL + 1.0LL
1.0 1 1.0 2
PERFORM ANALYSIS
LOAD LIST 4
PRINT JOINT DISPLACEMENTS